   1.1333333e+01
   5.3333333e+00
   3.3666667e+02
   2.2666667e+01
   4.3333333e+01
   6.6666667e+01
   2.0000000e+00
   2.2066667e+02
   1.0266667e+02
   1.9333333e+01
   5.3333333e+00
   2.0000000e+00
   8.0000000e+00
   8.0000000e+00
   1.4666667e+01
   7.3333333e+00
   4.8000000e+01
   5.4666667e+01
   4.3333333e+01
   1.6666667e+01
   1.6000000e+01
   1.4000000e+01
   6.6666667e+00
   1.8533333e+02
   6.6666667e-01
   2.0000000e+00
   3.8666667e+01
   9.3333333e+00
   9.0666667e+01
   1.5333333e+01
   6.4000000e+01
   1.1333333e+01
   6.0000000e+01
   2.6666667e+01
   7.5333333e+01
   4.8666667e+01
   6.4666667e+01
   1.0000000e+01
   1.0000000e+01
   9.4666667e+01
   3.1333333e+01
   6.6666667e-01
   8.0000000e+00
   5.2000000e+01
   9.0666667e+01
   2.8000000e+01
   2.3333333e+01
   4.6666667e+01
   3.4666667e+01
   6.2666667e+01
   2.3333333e+01
   4.5333333e+01
   4.4000000e+01
   3.6533333e+02
   2.3333333e+01
   2.0666667e+01
   6.0000000e+00
   2.6666667e+01
   8.6666667e+00
   1.1333333e+01
   2.0000000e+01
   1.6666667e+01
   6.8000000e+01
   6.6000000e+01
   2.8666667e+01
   2.6666667e+00
   9.3333333e+00
   2.1000000e+02
   5.4000000e+01
   1.4000000e+01
   2.9333333e+01
   3.9333333e+01
   1.9333333e+01
   5.3333333e+00
   1.9333333e+01
   3.7333333e+01
   3.4000000e+01
   4.6666667e+00
   3.6000000e+01
   1.2000000e+01
   1.6666667e+01
   3.2000000e+01
   8.0000000e+00
   1.0666667e+01
   4.0000000e+01
   5.2000000e+01
   2.8133333e+02
   2.7333333e+01
   2.1333333e+01
   1.7333333e+01
   6.6666667e-01
   9.3333333e+00
   1.0000000e+01
   8.3333333e+01
   3.5333333e+01
   4.6666667e+00
   7.5333333e+01
   6.2666667e+01
   6.0000000e+00
   6.0000000e+01
   1.8000000e+01
   5.1333333e+01
   5.5333333e+01
   2.1466667e+02
   1.7333333e+01
   7.3333333e+01
   1.0000000e+01
   4.6666667e+00
   5.0666667e+01
   7.9333333e+01
   1.4000000e+01
   9.9333333e+01
   2.0000000e+00
   4.0000000e+00
   6.0000000e+00
   3.7333333e+01
   2.3333333e+01
   1.0600000e+02
   7.0666667e+01
   2.6666667e+00
   2.2000000e+01
   6.1333333e+01
   1.0000000e+01
   2.6000000e+01
   2.4666667e+01
   6.0000000e+00
   6.0000000e+00
   2.1333333e+01
   2.6666667e+00
   1.2800000e+02
   8.0000000e+00
   1.1333333e+01
   6.6666667e+00
   4.7333333e+01
   5.5333333e+01
   3.2000000e+01
   1.2666667e+01
   8.4000000e+01
   2.7333333e+01
   4.0000000e+00
   8.6666667e+01
   6.6000000e+01
   1.3200000e+02
   6.0000000e+00
   2.6666667e+00
   5.7333333e+01
   4.4666667e+01
   3.3333333e+01
   1.8000000e+01
   9.3333333e+00
   4.0000000e+00
   6.6666667e-01
   8.0000000e+00
   1.6000000e+01
   9.4000000e+01
   2.5333333e+01
   1.4666667e+01
   9.3333333e+00
   5.1333333e+01
   5.3333333e+00
   5.3333333e+00
   3.5333333e+01
   4.5333333e+01
   2.3333333e+01
   3.8666667e+01
   5.5333333e+01
   2.0000000e+01
   1.2533333e+02
   2.8000000e+01
   4.6666667e+01
   1.1333333e+01
   2.0666667e+01
   1.6000000e+01
   1.2933333e+02
   5.7333333e+01
   6.0000000e+00
   1.4666667e+01
   7.3333333e+00
   1.6666667e+01
   1.6000000e+01
   5.0666667e+01
   2.6666667e+00
   9.3333333e+00
   3.4666667e+01
   5.2000000e+01
   7.9333333e+01
   2.6000000e+01
   2.0000000e+01
   3.0466667e+02
   4.0666667e+01
   6.6666667e-01
   1.7333333e+01
   7.2000000e+01
   2.6666667e+01
   6.0666667e+01
   1.7333333e+01
   6.0000000e+00
   3.8000000e+01
   3.7333333e+01
   1.3266667e+02
   4.4000000e+01
   2.4000000e+01
   1.0800000e+02
   8.6666667e+00
   3.7333333e+01
   1.0000000e+01
   1.3133333e+02
   1.8800000e+02
   5.3333333e+00
   1.3333333e+01
   3.3333333e+00
   2.5333333e+01
   1.6666667e+01
   8.3333333e+01
   5.8666667e+01
   2.6666667e+00
   4.6666667e+00
   1.2000000e+01
   1.2666667e+01
   8.6666667e+00
   2.1333333e+01
   1.3333333e+01
   1.8000000e+01
   2.4666667e+01
   3.0666667e+01
   1.1600000e+02
   6.2666667e+01
   1.1066667e+02
   1.2666667e+01
   2.3333333e+01
   3.3333333e+01
   4.3333333e+01
   6.4666667e+01
   7.1333333e+01
   1.0333333e+02
   3.6666667e+01
   1.6666667e+01
   1.6533333e+02
   7.6000000e+01
   5.3333333e+00
   1.3000000e+02
   9.4666667e+01
   4.0000000e+00
   2.0000000e+00
   1.3333333e+01
   2.3533333e+02
   3.3333333e+00
   3.8666667e+01
   1.8000000e+01
   1.5333333e+01
   5.4000000e+01
   1.5266667e+02
   2.3333333e+01
   1.5333333e+01
   3.0666667e+01
   1.3333333e+00
   3.5333333e+01
   6.0000000e+00
   1.4000000e+01
   5.3333333e+00
   6.2000000e+01
   4.0000000e+00
   6.6666667e-01
   2.2666667e+01
   2.2000000e+01
   9.9333333e+01
   6.6666667e+00
   8.7333333e+01
   1.8666667e+01
   2.7333333e+01
   1.5333333e+01
   3.6666667e+01
   5.9066667e+02
   6.4666667e+01
   5.3333333e+00
   3.0000000e+01
   4.1333333e+01
   4.6666667e+00
   1.0933333e+02
   1.2000000e+01
   7.0000000e+01
   1.5333333e+01
   3.5333333e+01
   1.6000000e+01
   6.0666667e+01
   4.8000000e+01
   3.0000000e+01
   3.3333333e+00
   3.3333333e+01
   8.0000000e+00
   8.6666667e+00
   3.4000000e+01
   5.1333333e+01
   7.4000000e+01
   3.0666667e+01
   1.9600000e+02
   3.6666667e+01
   3.8000000e+01
   2.0666667e+01
   1.0000000e+01
   3.5333333e+01
   2.3333333e+01
   5.3333333e+00
   1.6000000e+01
   3.0666667e+01
   4.5333333e+01
   2.8666667e+01
   2.0000000e+01
   4.0000000e+00
   4.8666667e+01
   5.3333333e+01
   4.4000000e+01
   2.6000000e+01
   5.6666667e+01
   2.8666667e+01
   4.3333333e+01
   6.9333333e+01
   5.7333333e+01
   2.7333333e+01
   1.1666667e+02
   6.6666667e-01
   7.3333333e+00
   1.5333333e+01
   8.0000000e+00
   1.4666667e+01
   2.1666667e+02
   4.6000000e+01
   1.0000000e+01
   4.4666667e+01
   1.9333333e+01
   2.6000000e+01
   3.5333333e+01
   3.3333333e+01
   9.0666667e+01
   3.6666667e+01
   5.8000000e+01
   2.3333333e+01
   4.6666667e+00
   1.8666667e+01
   8.6666667e+00
   7.3333333e+01
   1.1333333e+02
   2.8666667e+01
   9.3333333e+00
   3.4000000e+01
   2.0000000e+00
   2.6666667e+00
   1.7333333e+01
   8.0000000e+00
   1.0666667e+01
   2.8666667e+01
   2.6666667e+01
   4.6666667e+00
   1.4666667e+01
   2.6666667e+01
   1.1333333e+01
   6.8666667e+01
   2.2666667e+01
   1.8666667e+01
   4.3333333e+01
   1.3333333e+00
   3.5533333e+02
   1.6666667e+01
   6.3333333e+01
   2.2666667e+01
   5.6666667e+01
   9.3333333e+01
   9.3333333e+00
   1.6000000e+01
   5.0666667e+01
   2.9333333e+01
   3.1333333e+01
   1.1333333e+01
   1.6000000e+01
   1.5333333e+01
   3.0666667e+01
   8.5333333e+01
   2.3333333e+01
   2.2666667e+01
   4.3333333e+01
   2.8666667e+01
   7.3333333e+01
   2.2000000e+01
   2.1333333e+01
   5.3333333e+00
   4.6666667e+00
   1.1333333e+01
   1.5333333e+01
   4.0000000e+00
   1.2000000e+01
   2.2666667e+01
   2.0933333e+02
   5.1333333e+01
   2.7333333e+01
   8.7333333e+01
   6.0000000e+00
   1.6000000e+01
   1.2466667e+02
   8.6666667e+00
   1.4666667e+01
   6.3333333e+01
   5.6000000e+01
   2.0266667e+02
   1.9333333e+01
   2.6666667e+01
   6.0000000e+00
   2.4666667e+02
   1.9333333e+01
   8.0000000e+00
   8.0000000e+00
   1.6933333e+02
   8.6000000e+01
   1.0733333e+02
   3.1333333e+01
   1.8000000e+01
   1.9933333e+02
   3.7333333e+01
   3.5333333e+01
   5.3333333e+00
   1.2600000e+02
   2.3333333e+01
   5.8000000e+01
   1.2666667e+01
   3.8000000e+01
   1.2000000e+01
   1.4666667e+01
   3.0666667e+01
   7.7333333e+01
   3.8666667e+01
   3.2666667e+01
   1.2666667e+01
   2.7333333e+01
   2.0000000e+00
   5.3333333e+00
   1.6000000e+01
   3.3333333e+00
   9.3333333e+00
   1.2666667e+01
   4.8000000e+01
   3.3333333e+00
   2.7333333e+01
   2.6666667e+00
   1.4533333e+02
   1.3333333e+01
   6.6666667e+00
   2.6666667e+01
   2.7466667e+02
   8.6666667e+00
   2.0000000e+00
   2.2000000e+01
   5.0000000e+01
   3.8000000e+01
   1.9333333e+01
   7.3333333e+00
   7.6000000e+01
   4.6666667e+00
   9.4000000e+01
   2.4000000e+01
   1.1333333e+01
   8.0000000e+00
   1.2000000e+01
   2.4666667e+01
   6.1333333e+01
   7.3333333e+00
   4.0666667e+01
   2.0666667e+01
   2.5333333e+01
   1.9333333e+01
   2.2666667e+01
   1.9333333e+01
   1.2000000e+01
   1.3333333e+00
   5.0000000e+02
   4.4000000e+01
   3.5333333e+01
   1.9333333e+01
   2.6666667e+00
   8.2666667e+01
   2.1333333e+01
   4.0000000e+01
   8.6666667e+00
   8.0000000e+00
   7.3333333e+00
   2.1333333e+01
   4.4666667e+01
   6.6666667e+00
   1.1333333e+01
   4.4000000e+01
   6.2666667e+01
   6.6666667e-01
   3.3333333e+00
   1.4000000e+01
   4.0666667e+01
   7.4000000e+01
   1.8000000e+01
   4.0666667e+01
   1.6666667e+01
   3.6000000e+01
   6.6666667e+00
   1.4666667e+01
   3.1333333e+01
   1.6666667e+01
   1.5066667e+02
   3.6000000e+01
   1.9333333e+01
   5.8666667e+01
   7.2666667e+01
   4.0000000e+01
   1.0066667e+02
   6.2666667e+01
   1.6666667e+01
   6.2666667e+01
   1.0000000e+01
   1.1333333e+01
   2.1266667e+02
   8.0000000e+01
   1.2000000e+02
   4.0000000e+00
   2.2000000e+01
   2.6000000e+01
   2.0000000e+00
   1.9333333e+01
   8.0000000e+00
   3.5333333e+01
   1.1333333e+01
   4.0000000e+00
   3.3333333e+00
   1.8666667e+01
   9.7333333e+01
   2.4666667e+01
   8.0000000e+00
   1.0666667e+01
   2.0000000e+01
   2.2000000e+01
   2.0000000e+01
   1.6666667e+01
   1.2533333e+02
   1.5333333e+01
   7.1333333e+01
   1.0000000e+01
   1.2000000e+01
   3.9333333e+01
   1.8000000e+01
   6.6666667e-01
   1.5266667e+02
   1.1600000e+02
   2.6000000e+01
   5.2666667e+01
   3.4666667e+01
   2.6666667e+01
   2.0666667e+01
   2.6666667e+00
   8.6666667e+00
   1.2666667e+01
   6.0000000e+00
   3.5333333e+01
   5.6666667e+01
   2.1333333e+01
   3.7333333e+01
   6.6666667e-01
   6.6666667e-01
   6.6666667e-01
   6.6666667e-01
   6.6666667e-01
   6.6666667e-01
   1.0800000e+02
   1.2066667e+02
   1.5333333e+01
   8.8000000e+01
   4.0000000e+00
   1.0666667e+01
   6.0800000e+02
   1.2666667e+01
   6.6666667e-01
   6.7333333e+01
   5.8666667e+01
   4.0000000e+00
   4.2666667e+01
   1.1333333e+02
   4.0000000e+00
   6.6666667e+00
   2.0000000e+00
   2.2000000e+01
   2.3333333e+01
   1.6000000e+01
   8.6666667e+00
   4.0000000e+00
   5.3333333e+00
   8.3333333e+01
   6.6666667e-01
   1.8666667e+01
   4.6666667e+00
   1.5333333e+01
   5.0666667e+01
   1.9333333e+01
   4.3333333e+01
   1.6666667e+01
   1.4000000e+01
   3.1333333e+01
   5.8000000e+01
   4.7333333e+01
   1.4666667e+01
   6.0000000e+00
   3.3333333e+00
   1.6000000e+01
   2.1333333e+01
   1.9333333e+01
   2.9333333e+01
   4.0000000e+00
   1.5333333e+01
   8.0000000e+00
   2.2666667e+01
   4.6666667e+00
   1.0800000e+02
   1.0533333e+02
   1.3333333e+01
   7.4666667e+01
   3.0000000e+01
   5.3333333e+00
   1.0666667e+01
   1.3333333e+01
   2.6000000e+01
   6.6000000e+01
   1.2466667e+02
   3.3333333e+00
   2.5333333e+01
   3.4000000e+01
   1.0000000e+01
   3.1333333e+01
   3.0000000e+01
   7.3333333e+00
   2.4666667e+01
   4.0000000e+00
   1.5333333e+01
   2.2666667e+01
   1.1333333e+01
   6.6666667e+01
   6.6666667e-01
   1.6000000e+01
   7.6000000e+01
   3.3333333e+01
   4.1333333e+01
   1.3333333e+00
   3.0666667e+01
   3.2000000e+01
   2.6666667e+00
   2.1333333e+01
   3.1333333e+01
   1.8666667e+01
   3.0666667e+01
   7.9333333e+01
   1.1333333e+01
   1.0666667e+01
   1.0000000e+01
   5.3333333e+00
   1.4666667e+01
   1.3333333e+00
   8.0000000e+00
   8.0000000e+00
   9.0666667e+01
   6.6666667e+00
   1.6000000e+01
   2.5333333e+01
   4.8666667e+01
   2.0000000e+01
   1.9333333e+01
   4.0000000e+00
   5.4000000e+01
   2.0000000e+01
   6.6666667e-01
   4.2666667e+01
   4.0000000e+00
   3.7333333e+01
   1.0000000e+01
   5.8000000e+01
   2.0000000e+00
   1.2000000e+01
   4.3333333e+01
   1.5866667e+02
   3.9333333e+01
   4.0000000e+00
   3.5333333e+01
   5.2666667e+01
   2.7666667e+02
   4.5333333e+01
   1.3333333e+01
   3.6000000e+01
   1.0666667e+01
   1.1933333e+02
   3.3333333e+00
   4.0000000e+00
   4.2666667e+01
   1.3333333e+00
   2.5333333e+01
   1.0000000e+01
   1.3333333e+01
   3.3333333e+00
   4.4666667e+01
   1.0666667e+01
   1.8000000e+01
   2.5333333e+01
   6.6666667e+01
   1.2000000e+01
   1.0800000e+02
   4.8000000e+01
   2.6666667e+01
   5.8666667e+01
   5.6000000e+01
   5.6666667e+01
   7.3333333e+00
   3.2666667e+01
   9.3333333e+00
   1.2000000e+01
   7.5333333e+01
   1.8066667e+02
   1.2666667e+01
   8.3333333e+01
   4.6666667e+00
   1.1333333e+01
   6.6000000e+01
   4.6666667e+00
   7.3333333e+01
   4.0000000e+00
   6.6666667e+00
   1.0666667e+01
   2.2666667e+01
   5.8666667e+01
   5.8000000e+01
   1.2666667e+01
   4.0000000e+00
   7.3333333e+00
   7.0000000e+01
   1.1200000e+02
   2.7333333e+01
   1.6000000e+01
   3.3333333e+00
   8.0000000e+00
   2.0666667e+01
   2.8000000e+01
   5.8000000e+01
   1.4000000e+01
   4.2000000e+01
   4.1333333e+01
   1.6000000e+01
   3.4000000e+01
   1.6000000e+01
   3.8666667e+01
   2.6666667e+00
   8.0000000e+00
   4.4666667e+01
   2.7333333e+01
   1.9333333e+01
   1.5733333e+02
   5.2000000e+01
   1.6000000e+01
   1.1333333e+01
   1.3333333e+01
   1.4000000e+01
   3.2000000e+01
   1.2666667e+01
   1.3333333e+01
   4.6666667e+00
   5.2666667e+01
   2.2000000e+01
   4.0000000e+01
   6.0000000e+00
   2.8666667e+01
   4.6666667e+00
   7.3333333e+00
   1.7333333e+01
   5.9333333e+01
   9.3333333e+00
   1.0666667e+01
   2.0000000e+00
   1.8000000e+01
   2.6000000e+01
   1.5333333e+01
   1.2133333e+02
   4.6666667e+00
   2.5466667e+02
   7.6666667e+01
   6.6666667e-01
   4.0000000e+00
   1.3333333e+01
   5.3333333e+00
   9.8666667e+01
   3.4666667e+01
   2.0533333e+02
   3.2000000e+01
   4.9333333e+01
   1.3333333e+00
   1.7333333e+01
   2.4000000e+01
   1.7333333e+01
   3.8666667e+01
   4.6666667e+01
   3.3333333e+00
   1.4000000e+01
   2.5333333e+01
   2.0000000e+00
   2.2000000e+01
   6.6666667e-01
   6.6666667e-01
   2.0666667e+01
   1.7333333e+01
   1.0000000e+01
   2.2000000e+01
   4.1333333e+01
   1.8666667e+01
   7.0000000e+01
   6.0000000e+00
   2.1333333e+01
   4.0000000e+00
   6.6666667e+00
   3.6000000e+01
   2.7333333e+01
   6.6666667e+01
   1.3333333e+01
   2.0000000e+01
   7.0000000e+01
   4.4000000e+01
   1.2666667e+01
   2.6666667e+00
   2.2000000e+01
   8.3333333e+01
   1.2000000e+01
   2.6666667e+00
   3.1333333e+01
   5.1333333e+01
   1.0000000e+01
   3.8666667e+01
   3.8000000e+01
   1.1333333e+01
   2.6666667e+00
   1.2666667e+01
   1.4666667e+01
   1.3333333e+01
   1.0200000e+02
   1.1333333e+01
   2.0000000e+01
   1.0666667e+01
   8.3333333e+01
   2.6666667e+00
   1.2666667e+01
   4.2666667e+01
   4.1733333e+02
   1.5333333e+01
   6.6666667e+00
   3.3333333e+00
   2.7333333e+01
   8.1333333e+01
   1.7333333e+02
   1.0933333e+02
   3.5266667e+02
   4.6666667e+00
   2.2666667e+01
   1.9333333e+01
   2.0000000e+00
   7.4000000e+01
   2.8000000e+01
   5.0666667e+01
   3.4000000e+01
   4.0666667e+01
   4.1333333e+01
   2.6000000e+01
   9.6666667e+01
   3.1333333e+01
   4.4666667e+01
   1.7333333e+01
   1.0666667e+01
   1.6666667e+01
   1.1266667e+02
   1.2000000e+01
   5.8666667e+01
   7.3333333e+00
   6.6666667e-01
   4.2666667e+01
   5.0666667e+01
   7.6000000e+01
   1.7333333e+01
   1.2000000e+01
   4.6666667e+00
   5.3333333e+00
   1.7333333e+01
   5.3333333e+00
   6.0000000e+00
   1.0666667e+01
   1.2666667e+01
   2.5600000e+02
   3.8666667e+01
   1.4000000e+01
   2.9333333e+01
   1.3333333e+01
   2.9333333e+01
   7.3333333e+00
   4.0400000e+02
   1.8666667e+01
   2.6000000e+01
   4.0000000e+00
   9.3333333e+00
   1.8000000e+01
   1.0000000e+01
   2.0000000e+01
   4.2666667e+01
   3.8000000e+01
   6.0000000e+00
   8.8666667e+01
   2.0666667e+01
   5.0666667e+01
   6.6666667e+00
   5.0000000e+01
   1.4666667e+01
   1.8666667e+01
   1.0000000e+01
   1.4000000e+01
   3.4666667e+01
   2.9333333e+01
   2.6000000e+01
   3.0666667e+01
   4.0000000e+00
   8.0000000e+00
   3.9333333e+01
   4.8000000e+01
   4.1333333e+01
   3.0666667e+01
   2.8000000e+01
   5.5333333e+01
   2.5333333e+01
   3.4000000e+01
   7.3333333e+00
   3.0666667e+01
   2.4666667e+01
   1.1666667e+02
   7.3333333e+00
   1.9333333e+01
   2.2000000e+01
   4.1333333e+01
   5.6000000e+01
   4.0000000e+00
   1.9333333e+01
   3.2000000e+01
   1.4266667e+02
   3.4666667e+01
   1.9333333e+01
   1.5333333e+01
   1.9333333e+01
   1.0133333e+02
   7.3333333e+00
   1.1333333e+01
   1.6666667e+01
   6.0000000e+00
   8.6666667e+00
   8.0000000e+00
   3.8000000e+01
   5.2000000e+01
   4.4000000e+01
   4.0000000e+01
   2.4000000e+01
   1.0933333e+02
   3.0000000e+01
   7.8666667e+01
   5.2333333e+02
   9.3333333e+00
   5.6666667e+01
   3.0000000e+01
   5.0666667e+01
   3.0666667e+01
   3.8000000e+01
   1.3733333e+02
   1.2000000e+01
   4.0000000e+00
   1.5266667e+02
   2.6666667e+02
   2.7333333e+01
   1.0000000e+01
   4.3333333e+01
   2.0666667e+01
   1.2666667e+01
   2.6000000e+01
   6.2000000e+01
   6.6666667e-01
   1.2666667e+01
   1.1333333e+01
   2.0666667e+01
   3.3333333e+01
   6.4666667e+01
   7.2000000e+01
   4.8666667e+01
   9.6666667e+01
   2.4666667e+01
   7.3333333e+00
   1.2000000e+01
   1.1333333e+01
   6.0000000e+01
   2.4866667e+02
   1.3333333e+01
   5.3333333e+01
   3.2000000e+01
   7.3333333e+00
   7.1333333e+01
   4.6666667e+00
   1.4000000e+01
   1.1333333e+01
   1.4666667e+01
   6.4666667e+01
   2.0666667e+01
   4.0000000e+00
   3.7333333e+01
   3.1333333e+01
   7.3333333e+00
   1.8000000e+01
   1.2066667e+02
   8.0000000e+00
   1.5333333e+01
   1.2000000e+01
   7.4000000e+01
   3.0666667e+01
   1.0000000e+01
   2.9333333e+01
   7.8000000e+01
   6.1333333e+01
   3.2000000e+01
   2.2000000e+01
   1.8000000e+01
   5.8666667e+01
   2.6666667e+01
   1.9333333e+01
   6.6666667e-01
   2.6666667e+01
   6.5333333e+01
   1.1333333e+01
   2.1333333e+01
   3.0666667e+01
   3.2666667e+01
   2.1333333e+01
   8.0666667e+01
   5.3333333e+01
   6.6666667e+00
   2.2000000e+01
   5.3333333e+00
   5.5333333e+01
   3.0133333e+02
   1.0666667e+01
   6.3333333e+01
   8.6666667e+00
   3.3333333e+00
   1.6000000e+01
   5.1333333e+01
   1.6666667e+01
   1.4666667e+01
   5.8666667e+01
   1.0666667e+01
   4.5333333e+01
   1.4000000e+01
   7.3333333e+00
   3.4000000e+01
   2.6666667e+00
   2.2000000e+01
   3.0000000e+01
   3.3333333e+00
   8.6666667e+00
   6.7333333e+01
   1.7333333e+01
   1.2666667e+01
   1.0666667e+01
   6.7333333e+01
   1.1333333e+01
   1.9333333e+01
   2.8000000e+01
   8.0000000e+00
   3.4666667e+01
   1.5333333e+01
   4.7333333e+01
   6.6666667e-01
   1.0000000e+01
   1.8666667e+01
   6.6666667e-01
   2.0000000e+01
   6.3333333e+01
   9.3333333e+00
   2.9333333e+01
   3.2666667e+01
   5.0000000e+01
   6.6666667e-01
   1.0666667e+01
   2.3333333e+01
   4.0666667e+01
   6.6666667e+00
   2.0000000e+01
   9.3333333e+00
   2.8000000e+01
   4.0000000e+01
   7.3333333e+00
   1.2666667e+01
   2.7333333e+01
   6.4666667e+01
   2.8000000e+01
   2.9333333e+01
   1.4000000e+01
   6.4000000e+01
   4.5333333e+01
   4.6666667e+00
   4.8666667e+01
   3.2666667e+01
   1.4000000e+01
   6.8666667e+01
   3.2666667e+01
   2.6666667e+00
   3.2866667e+02
   7.1333333e+01
   4.0000000e+00
   4.6666667e+00
   9.3333333e+00
   1.7466667e+02
   1.0666667e+01
   1.3333333e+00
   3.8666667e+01
   1.8666667e+01
   2.7333333e+01
   4.0000000e+00
   3.1333333e+01
   4.2666667e+01
   4.0000000e+00
   6.0000000e+00
   3.3333333e+00
   6.6666667e+00
   5.4000000e+01
   7.6666667e+01
   4.8000000e+01
   6.0000000e+00
   3.8000000e+01
   1.3333333e+01
   2.3333333e+01
   5.0000000e+01
   5.3333333e+00
   2.2000000e+01
   1.6666667e+01
   2.4000000e+01
   2.3333333e+01
   3.4666667e+01
   1.4666667e+01
   9.3333333e+00
   8.0666667e+01
   2.1333333e+01
   3.8666667e+01
   7.6000000e+01
   8.0000000e+00
   2.9333333e+01
   2.6666667e+01
   1.1333333e+01
   1.3333333e+01
   2.2666667e+01
   5.3333333e+00
   2.6666667e+00
   1.1333333e+01
   8.0000000e+00
   1.1333333e+01
   1.1533333e+02
   1.4000000e+01
   2.4000000e+01
   7.6666667e+01
   3.1333333e+01
   1.3333333e+00
   1.3333333e+00
   1.0666667e+01
   4.6666667e+00
   6.6666667e-01
   6.6666667e-01
   6.6666667e-01
   6.0000000e+00
   2.5333333e+01
   2.7333333e+01
   1.0666667e+01
   3.0666667e+01
   2.3933333e+02
   1.0666667e+01
   9.6666667e+01
   7.0666667e+01
   2.0800000e+02
   1.2666667e+02
   1.2666667e+01
   9.3333333e+00
   4.4666667e+01
   5.4000000e+01
   3.6666667e+01
   2.8666667e+01
   5.6666667e+01
   1.8666667e+01
   1.6000000e+01
   1.2466667e+02
   1.1466667e+02
   2.6666667e+00
   2.4666667e+01
   4.8000000e+01
   3.5333333e+01
   8.0000000e+00
   3.6000000e+01
   1.1333333e+01
   1.6000000e+02
   3.0000000e+01
   2.8666667e+01
   1.4666667e+01
   8.2666667e+01
   5.3333333e+00
   4.4666667e+01
   5.3333333e+01
   1.1333333e+01
   3.4666667e+01
   5.3333333e+00
   4.4666667e+01
   4.8666667e+01
   4.0000000e+00
   3.3333333e+01
   1.8000000e+01
   1.2933333e+02
   5.0666667e+01
   3.1333333e+01
   3.5600000e+02
   1.6000000e+01
   3.1333333e+01
   1.2666667e+01
   8.1333333e+01
   1.6000000e+02
   9.3333333e+01
   1.5333333e+01
   1.1800000e+02
   3.3333333e+00
   1.3333333e+00
   2.6666667e+00
   8.6666667e+00
   3.7333333e+01
   3.1000000e+02
   1.4666667e+01
   1.6200000e+02
   2.5333333e+01
   2.8000000e+01
   6.0000000e+00
   6.6000000e+01
   4.9333333e+01
   6.8666667e+01
   2.8000000e+01
   3.0000000e+01
   2.4666667e+01
   7.3333333e+00
   5.2666667e+01
   7.1333333e+01
   1.4000000e+01
   1.8666667e+01
   2.0000000e+00
   2.0000000e+01
   4.0000000e+01
   3.2666667e+01
   3.9333333e+01
   2.3333333e+01
   9.8000000e+01
   2.0000000e+00
   8.6000000e+01
   8.0000000e+00
   1.6000000e+01
   2.1333333e+01
   2.3333333e+01
   2.1333333e+01
   6.0000000e+00
   4.7333333e+01
   1.6600000e+02
   2.8000000e+01
   6.6666667e-01
   1.4000000e+01
   6.6666667e-01
   3.2000000e+01
   6.6666667e+00
   5.6000000e+01
   8.0000000e+00
   3.0666667e+01
   4.6666667e+00
   2.6666667e+00
   1.5333333e+01
   1.1600000e+02
   1.7333333e+01
   4.9333333e+01
   4.8000000e+01
   3.9333333e+01
   1.7333333e+01
   4.6666667e+01
   1.4000000e+01
   8.4000000e+01
   6.6666667e-01
   1.3400000e+02
   2.3333333e+01
   1.9333333e+01
   3.5333333e+01
   1.1333333e+01
   3.0000000e+01
   9.1333333e+01
   1.0000000e+01
   5.3333333e+00
   4.6666667e+00
   1.3466667e+02
   3.6000000e+01
   4.0000000e+00
   4.6666667e+00
   1.7333333e+01
   6.0000000e+01
   7.6666667e+01
   2.1333333e+01
   4.0666667e+01
   3.6666667e+01
   1.2666667e+01
   1.2666667e+01
   2.3333333e+01
   9.4666667e+01
   1.2000000e+01
   1.6000000e+01
   3.3333333e+00
   9.3333333e+00
   7.2000000e+01
   1.3333333e+01
   9.3333333e+00
   2.6666667e+01
   1.5333333e+01
   6.0000000e+00
   2.3333333e+01
   6.4000000e+01
   6.2666667e+01
   6.6666667e-01
   5.4666667e+01
   6.0000000e+01
   1.4000000e+01
   1.8000000e+01
   2.1333333e+01
   1.1333333e+01
   2.3333333e+01
   8.0000000e+00
   6.4666667e+01
   9.3333333e+00
   2.3333333e+01
   6.6666667e-01
   9.3333333e+00
   3.4666667e+01
   4.7333333e+01
   7.6000000e+01
   7.3333333e+00
   8.0000000e+00
   2.2666667e+01
   2.4666667e+01
   1.3333333e+01
   1.1333333e+01
   1.4000000e+01
   1.8666667e+01
   3.8000000e+01
   2.8666667e+01
   3.6000000e+01
   8.0000000e+00
   2.7333333e+01
   1.2933333e+02
   5.3333333e+01
   4.9333333e+01
   7.4666667e+01
   4.8000000e+01
   4.0000000e+00
   7.3333333e+00
   1.0666667e+01
   6.0666667e+01
   1.3333333e+01
   8.2000000e+01
   7.3333333e+00
   8.6666667e+00
   2.6666667e+01
   8.2666667e+01
   9.7333333e+01
   1.2000000e+01
   3.4000000e+01
   1.6666667e+01
   3.3333333e+00
   8.6666667e+00
   3.0666667e+01
   8.0000000e+00
   1.9200000e+02
   1.6666667e+01
   7.4000000e+01
   6.6000000e+01
   3.1333333e+01
   3.1333333e+01
   6.0000000e+00
   2.4000000e+01
   1.4933333e+02
   9.3333333e+00
   2.7333333e+01
   5.5333333e+01
   1.7333333e+01
   1.0666667e+01
   2.5333333e+01
   2.6000000e+01
   4.0000000e+00
   7.6666667e+01
   4.1333333e+01
   2.6666667e+00
   1.6000000e+01
   6.0000000e+00
   1.6666667e+01
   7.3333333e+00
   9.3333333e+00
   6.0000000e+00
   5.9333333e+01
   1.0600000e+02
   5.6666667e+01
   1.6000000e+01
   3.8000000e+01
   5.6666667e+01
   4.0000000e+00
   7.4666667e+01
   1.4200000e+02
   4.4000000e+01
   1.3333333e+01
   2.6000000e+01
   1.3333333e+01
   8.4000000e+01
   1.2000000e+01
   2.1333333e+01
   9.6000000e+01
   4.0000000e+01
   3.5333333e+02
   6.6666667e+01
   3.8666667e+01
   2.1333333e+01
   2.9333333e+01
   2.3333333e+01
   1.8666667e+01
   6.6666667e+00
   1.2266667e+02
   2.4000000e+01
   3.8000000e+01
   2.1600000e+02
   4.0266667e+02
   2.0666667e+01
   1.1333333e+01
   1.6000000e+01
   2.9333333e+01
   1.4000000e+01
   6.0000000e+00
   2.0000000e+01
   9.3333333e+00
   1.2866667e+02
   5.8000000e+01
   5.6666667e+01
   5.0666667e+01
   3.2666667e+01
   1.0666667e+01
   1.1333333e+01
   1.3333333e+01
   4.6666667e+00
   1.2000000e+01
   4.8000000e+01
   6.0000000e+00
   1.0000000e+01
   9.5333333e+01
   4.2666667e+01
   8.0000000e+00
   7.4000000e+01
   1.4466667e+02
   9.3333333e+00
   7.3333333e+00
   6.6666667e-01
   6.6666667e-01
   4.6666667e+00
   3.3333333e+01
   1.9333333e+01
   7.7333333e+01
   1.5133333e+02
   3.5333333e+01
   4.8000000e+01
   9.6000000e+01
   4.0000000e+01
   4.8666667e+01
   1.4933333e+02
   3.1333333e+01
   8.6666667e+00
   1.0000000e+01
   1.4666667e+01
   3.2666667e+01
   1.2000000e+01
   2.2733333e+02
   2.4666667e+01
   9.3333333e+00
   8.0000000e+00
   4.6666667e+00
   3.6000000e+01
   9.0000000e+01
   3.2733333e+02
   3.5333333e+01
   3.7333333e+01
   1.3333333e+00
   4.6666667e+00
   2.0666667e+01
   4.0000000e+00
   1.8666667e+01
   4.1333333e+01
   3.7333333e+01
   4.4666667e+01
   6.2000000e+01
   1.8000000e+01
   2.4000000e+01
   3.3333333e+01
   2.8000000e+01
   2.6666667e+00
   3.6000000e+01
   2.0666667e+01
   3.8666667e+01
   3.6000000e+01
   4.0666667e+01
   4.3333333e+01
   1.3333333e+02
   1.2000000e+01
   3.0666667e+01
   1.4000000e+01
   1.2000000e+01
   1.6466667e+02
   1.4000000e+01
   2.4666667e+01
   5.9333333e+01
   4.5333333e+01
   8.0000000e+00
   2.6666667e+01
   2.0000000e+02
   5.0666667e+01
   2.7333333e+01
   3.5333333e+01
   6.4000000e+01
   3.4666667e+01
   5.0000000e+01
   6.8666667e+01
   4.6666667e+01
   6.6666667e-01
   6.6666667e+00
   1.1333333e+01
   6.6666667e-01
   4.6666667e+00
   3.0666667e+01
   4.6666667e+00
   2.6666667e+00
   2.1466667e+02
   4.0000000e+01
   5.6666667e+01
   6.6666667e+00
   6.6666667e-01
   1.2000000e+01
   1.4666667e+01
   2.9333333e+01
   3.4333333e+02
   5.3333333e+00
   5.2000000e+01
   2.2000000e+01
   8.0000000e+00
   5.3333333e+00
   2.6666667e+01
   8.0000000e+00
   2.3333333e+01
   3.8666667e+01
   3.1333333e+01
   4.0000000e+00
   1.1333333e+01
   1.2000000e+01
   7.3333333e+00
   4.0066667e+02
   6.6000000e+01
   5.9333333e+01
   1.6666667e+01
   1.2400000e+02
   8.0000000e+00
   3.6000000e+01
   2.0400000e+02
   1.3333333e+00
   1.6000000e+01
   7.3333333e+00
   6.6666667e-01
   1.0666667e+01
   3.2000000e+01
   6.6666667e+00
   2.4666667e+01
   3.5333333e+01
   5.0666667e+01
   4.9333333e+01
   2.4666667e+01
   4.0000000e+00
   5.3333333e+00
   1.8000000e+01
   9.7333333e+01
   1.8000000e+01
   3.0666667e+01
   2.8666667e+01
   4.0666667e+01
   4.0000000e+00
   4.2666667e+01
   2.8000000e+01
   1.8666667e+01
   6.2000000e+01
   4.8000000e+01
   2.7333333e+01
   6.4000000e+01
   1.1066667e+02
   1.9333333e+01
   2.2666667e+01
   1.4000000e+01
   6.6666667e-01
   6.5333333e+01
   2.5333333e+01
   2.4000000e+01
   3.0600000e+02
   1.4000000e+01
   4.8000000e+01
   1.2666667e+01
   1.7333333e+01
   2.5333333e+01
   2.5333333e+01
   1.0000000e+01
   4.5333333e+01
   4.4000000e+01
   8.6666667e+01
   6.0000000e+01
   5.3333333e+00
   2.3333333e+01
   1.5333333e+01
   1.4666667e+01
   1.2000000e+01
   1.2666667e+01
   1.6666667e+01
   6.9333333e+01
   2.2000000e+01
   5.5333333e+01
   2.2000000e+01
   4.6666667e+00
   4.2000000e+01
   1.7333333e+01
   3.4000000e+01
   4.6666667e+01
   1.3333333e+00
   6.6666667e+00
   1.2666667e+01
   2.5333333e+01
   4.0000000e+00
   3.9333333e+01
   5.3333333e+00
   6.6666667e+00
   5.3333333e+00
   7.9333333e+01
   3.4666667e+01
   3.6133333e+02
   4.4666667e+01
   6.5333333e+01
   7.8666667e+01
   1.1333333e+01
   2.0000000e+01
   1.3333333e+01
   8.0000000e+00
   2.5333333e+01
   4.6666667e+00
   4.0666667e+01
   1.1333333e+01
   1.1333333e+01
   4.4000000e+01
   1.3333333e+00
   4.0000000e+00
   1.6000000e+01
   2.5333333e+01
   2.8000000e+01
   8.1333333e+01
   4.4000000e+01
   3.5333333e+01
   1.5333333e+01
   2.8666667e+01
   1.3466667e+02
   2.7333333e+01
   9.1333333e+01
   1.4666667e+01
   3.1333333e+01
   7.0000000e+01
   5.3333333e+00
   1.9333333e+01
   6.0866667e+02
   2.0000000e+01
   2.0666667e+01
   8.6666667e+00
   2.8666667e+01
   3.7333333e+01
   3.5333333e+01
   9.3333333e+00
   4.2000000e+01
   5.6666667e+01
   1.4666667e+01
   5.3333333e+00
   6.0000000e+00
   6.5333333e+01
   1.9333333e+01
   8.2666667e+01
   3.0666667e+01
   1.3333333e+00
   6.6666667e-01
   3.9333333e+01
   4.0000000e+00
   3.7333333e+01
   5.6666667e+01
   5.0000000e+01
   7.3333333e+00
   3.9333333e+01
   2.6666667e+00
   8.6000000e+01
   7.3333333e+00
   2.1333333e+01
   6.6666667e-01
   1.0666667e+01
   8.0000000e+00
   1.6000000e+01
   7.4000000e+01
   5.2666667e+01
   1.5333333e+01
   1.0000000e+01
   3.4666667e+01
   8.0000000e+00
   2.5333333e+01
   4.0000000e+00
   8.6000000e+01
   2.3333333e+01
   2.6666667e+00
   2.6000000e+01
   1.0000000e+01
   2.3333333e+01
   4.6666667e+00
   7.3333333e+00
   1.2666667e+01
   9.7333333e+01
   1.2000000e+01
   1.6666667e+01
   9.3333333e+00
   8.6666667e+00
   7.0666667e+01
   4.0666667e+01
   8.4666667e+01
   1.8000000e+01
   8.6666667e+00
   1.7333333e+01
   3.2200000e+02
   7.2000000e+01
   6.0000000e+00
   6.6666667e-01
   7.8666667e+01
   1.0666667e+01
   4.8666667e+01
   3.2666667e+01
   1.1333333e+01
   3.9333333e+01
   5.6666667e+01
   2.4200000e+02
   6.6666667e-01
   3.2666667e+01
   3.7333333e+01
   1.8666667e+01
   3.3333333e+00
   5.6666667e+01
   1.0666667e+01
   4.0000000e+00
   8.0000000e+00
   4.0666667e+01
   6.6666667e-01
   2.0000000e+00
   4.4000000e+01
   2.2000000e+01
   1.4666667e+01
   1.9333333e+01
   1.2000000e+01
   1.1333333e+01
   2.1333333e+01
   6.0000000e+00
   1.7733333e+02
   1.1400000e+02
   5.6666667e+01
   2.5333333e+01
   6.3333333e+01
   4.0000000e+00
   8.0000000e+00
   7.3333333e+00
   1.6000000e+01
   6.6666667e-01
   3.8000000e+02
   6.8000000e+01
   1.0666667e+01
   2.8666667e+01
   2.9333333e+01
   9.3333333e+00
   1.4000000e+01
   7.6666667e+01
   9.7333333e+01
   1.6000000e+01
   3.2000000e+01
   2.1533333e+02
   1.2000000e+01
   2.8666667e+01
   3.9333333e+01
   3.0666667e+01
   9.3333333e+00
   6.0000000e+00
   8.4266667e+02
   1.4666667e+01
   2.0000000e+01
   2.0000000e+00
   2.0666667e+01
   1.8000000e+01
   7.6666667e+01
   1.1866667e+02
   4.4666667e+01
   6.0000000e+00
   2.6666667e+01
   3.0000000e+01
   3.4000000e+01
   2.6800000e+02
   1.0666667e+01
   3.7333333e+01
   1.6666667e+01
   6.6666667e+00
   2.9333333e+01
   1.6000000e+01
   2.8000000e+01
   2.0666667e+01
   1.2000000e+01
   1.0200000e+02
   4.4000000e+01
   4.1333333e+01
   8.6666667e+00
   5.0000000e+01
   1.9333333e+01
   4.6000000e+01
   2.4666667e+01
   3.2666667e+01
   3.3333333e+00
   6.6666667e-01
   6.6666667e-01
   6.6666667e-01
   6.6666667e-01
   6.6666667e-01
   2.4666667e+01
   7.9333333e+01
   6.1333333e+01
   7.3333333e+00
   3.1333333e+01
   1.9333333e+01
   2.8000000e+01
   9.2000000e+01
   2.7133333e+02
   1.9333333e+01
   1.7333333e+01
   4.7333333e+01
   9.3333333e+00
   3.8000000e+01
   3.8000000e+01
   2.3333333e+01
   2.0666667e+01
   1.3333333e+00
   4.5333333e+01
   3.4666667e+01
   5.3333333e+01
   7.2666667e+01
   6.0000000e+00
   4.6666667e+01
   1.5333333e+01
   5.8666667e+01
   2.5333333e+02
   2.0000000e+01
   1.5333333e+01
   9.3333333e+01
   2.7333333e+01
   6.5333333e+01
   1.2666667e+01
   1.0666667e+01
   1.8666667e+01
   1.0600000e+02
   8.8000000e+01
   1.3333333e+01
   4.6666667e+00
   5.2000000e+01
   1.4666667e+01
   8.6666667e+00
   2.8666667e+01
   3.1333333e+01
   2.5333333e+01
   1.0666667e+01
   3.1333333e+01
   4.0000000e+00
   5.1333333e+01
   8.0000000e+00
   1.0666667e+01
   2.0000000e+01
   2.6666667e+01
   7.3333333e+00
   8.0000000e+00
   7.2666667e+01
   3.3333333e+00
   1.4666667e+01
   1.6000000e+01
   6.6666667e-01
   1.2000000e+01
   1.4000000e+01
   2.0666667e+01
   1.4000000e+01
   7.2000000e+01
   1.2000000e+01
   5.6666667e+01
   2.8000000e+01
   8.6666667e+00
   1.2000000e+01
   1.1333333e+01
   6.6666667e-01
   2.1333333e+01
   5.0000000e+01
   2.0666667e+01
   2.8000000e+01
   4.0000000e+01
   3.4000000e+01
   2.7333333e+01
   6.0666667e+01
   1.7333333e+01
   1.8533333e+02
   1.5333333e+01
   3.0000000e+01
   1.1333333e+01
   3.7200000e+02
   1.0666667e+01
   2.6000000e+01
   3.8666667e+01
   7.7333333e+01
   5.4000000e+01
   5.9333333e+01
   2.7333333e+01
   1.5333333e+01
   1.4666667e+01
   5.4000000e+01
   7.0666667e+01
   5.3333333e+00
   2.6666667e+01
   1.7466667e+02
   1.0666667e+01
   5.1333333e+01
   5.2666667e+01
   1.2000000e+01
   1.0666667e+01
   3.2666667e+01
   1.5066667e+02
   2.6666667e+01
   1.1266667e+02
   5.2000000e+01
   2.6666667e+01
   1.5333333e+01
   1.9333333e+01
   5.2000000e+01
   4.4666667e+01
   4.0000000e+00
   3.3333333e+00
   9.0000000e+01
   3.8000000e+01
   1.3666667e+02
   4.6666667e+00
   3.6000000e+01
   6.0000000e+00
   1.4000000e+02
   8.0000000e+00
   2.0666667e+01
   1.1333333e+01
   7.3333333e+00
   3.8666667e+01
   5.1333333e+01
   4.6666667e+00
   1.5333333e+01
   4.6000000e+01
   2.0666667e+01
   1.1333333e+01
   3.6000000e+01
   1.2666667e+01
   1.8666667e+01
   1.8000000e+01
   2.0666667e+01
   5.3333333e+00
   3.3333333e+00
   6.6666667e-01
   2.4666667e+01
   5.0000000e+01
   2.0000000e+00
   3.2666667e+01
   2.9333333e+01
   8.0000000e+00
   1.9333333e+01
   1.4666667e+01
   2.8000000e+01
   8.5333333e+01
   9.6000000e+01
   2.2400000e+02
   5.8000000e+01
   6.5333333e+01
   8.8000000e+01
   2.6000000e+01
   1.0066667e+02
   3.5333333e+01
   2.6000000e+01
   5.6666667e+01
   1.6000000e+01
   7.0666667e+01
   2.4000000e+01
   2.6666667e+01
   2.1333333e+01
   3.2000000e+01
   4.3333333e+01
   8.0000000e+00
   7.6000000e+01
   5.2666667e+01
   5.0000000e+01
   6.0666667e+01
   5.3333333e+00
   1.2000000e+01
   6.6666667e-01
   9.3333333e+00
   3.5333333e+01
   4.6666667e+00
   5.2000000e+01
   1.4000000e+01
   5.3333333e+00
   1.0666667e+01
   4.7333333e+01
   6.0666667e+01
   3.4000000e+01
   6.9600000e+02
   7.6000000e+01
   3.7333333e+01
   4.0000000e+00
   1.2000000e+01
   4.1333333e+01
   3.8666667e+01
   3.6666667e+01
   1.9333333e+01
   1.2000000e+01
   8.1333333e+01
   1.2000000e+01
   1.9333333e+01
   1.2000000e+01
   6.0000000e+01
   5.3333333e+00
   2.8000000e+01
   6.6666667e-01
   3.9333333e+01
   1.2000000e+01
   6.0000000e+00
   2.0000000e+01
   1.3933333e+02
   5.9866667e+02
   4.2000000e+01
   6.6666667e+00
   8.6666667e+00
   1.5333333e+01
   7.6666667e+01
   1.2666667e+01
   2.0666667e+01
   1.1333333e+01
   3.4000000e+01
   4.6666667e+00
   2.2000000e+01
   2.7333333e+01
   4.0000000e+00
   2.4666667e+02
   8.0000000e+00
   1.2666667e+01
   1.2000000e+01
   7.2666667e+01
   1.8666667e+01
   1.3333333e+00
   1.6666667e+01
   3.8666667e+01
   2.2666667e+01
   4.6000000e+01
   2.6666667e+00
   3.2666667e+01
   3.3333333e+01
   5.6666667e+01
   1.0000000e+01
   1.4866667e+02
   8.4000000e+01
   9.6666667e+01
   6.4666667e+01
   2.8666667e+01
   1.3333333e+01
   3.4666667e+01
   2.0000000e+01
   2.2000000e+01
   1.2666667e+01
   6.2333333e+02
   1.5333333e+01
   9.3333333e+01
   2.4666667e+01
   2.0000000e+00
   2.1333333e+01
   2.3333333e+01
   4.0000000e+00
   2.3333333e+01
   6.6666667e+00
   9.4666667e+01
   1.1466667e+02
   2.0666667e+01
   4.4000000e+01
   2.4666667e+01
   3.3333333e+00
   1.0666667e+01
   1.0000000e+01
   3.7333333e+01
   4.1333333e+01
   4.6000000e+01
   1.2866667e+02
   4.1333333e+01
   3.4666667e+01
   9.6666667e+01
   4.2000000e+01
   5.4000000e+01
   8.8666667e+01
   5.1333333e+01
   4.8666667e+01
   8.0000000e+00
   1.7333333e+01
   9.3333333e+00
   1.4000000e+01
   8.2000000e+01
   2.1333333e+01
   1.5333333e+01
   1.0000000e+01
   2.2666667e+01
   2.0000000e+01
   5.8000000e+01
   2.4000000e+01
   9.3333333e+00
   9.3333333e+00
   7.4000000e+01
   5.2000000e+01
   2.2000000e+01
   6.4000000e+01
   1.8000000e+01
   1.4666667e+01
   1.5333333e+01
   3.5333333e+01
   1.9333333e+01
   1.9333333e+01
   2.0666667e+01
   2.2666667e+01
   3.7333333e+01
   3.4666667e+01
   8.6666667e+00
   1.6666667e+01
   3.0666667e+01
   1.3333333e+01
   6.6666667e+00
   7.0666667e+01
   1.2066667e+02
   2.3333333e+01
   1.9333333e+01
   6.4666667e+01
   8.0000000e+00
   8.6666667e+00
   2.4000000e+01
   5.1333333e+01
   2.4666667e+01
   1.0000000e+01
   6.5333333e+01
   1.8666667e+01
   1.7333333e+01
   2.3333333e+01
   1.4000000e+01
   1.6666667e+01
   3.0666667e+01
   2.6666667e+00
   1.8666667e+02
   1.3333333e+00
   7.5333333e+01
   9.3933333e+02
   3.2666667e+01
   3.5333333e+01
   1.9333333e+01
   1.3333333e+00
   4.0000000e+00
   2.8666667e+01
   2.9333333e+01
   1.0000000e+01
   1.9333333e+01
   1.8000000e+01
   4.0000000e+00
   6.2000000e+01
   1.8666667e+01
   8.6666667e+00
   2.0000000e+00
   5.6133333e+02
   4.6666667e+00
   1.3333333e+00
   6.0000000e+00
   6.6666667e+00
   9.3333333e+00
   1.8000000e+01
   4.9333333e+01
   6.2000000e+01
   3.3733333e+02
   3.1333333e+01
   2.7333333e+01
   4.4000000e+01
   2.1333333e+01
   1.4666667e+01
   4.8666667e+01
   1.3333333e+00
   5.3333333e+00
   3.4666667e+01
   3.3333333e+00
   4.3333333e+01
   3.8000000e+01
   3.0666667e+01
   4.0000000e+01
   1.2666667e+01
   6.4000000e+01
   6.0000000e+00
   8.0533333e+02
   6.6666667e-01
   4.9333333e+01
   1.0066667e+02
   9.3333333e+00
   2.9866667e+02
   2.0666667e+01
   1.2400000e+02
   3.1333333e+01
   5.8000000e+01
   1.3333333e+01
   6.0000000e+00
   2.5333333e+01
   5.5333333e+01
   4.6666667e+00
   7.7333333e+01
   4.8666667e+01
   3.4666667e+01
   1.3333333e+01
   9.3333333e+00
   1.7066667e+02
   2.2666667e+01
   7.8000000e+01
   4.6000000e+01
   4.0000000e+00
   2.7333333e+01
   4.0000000e+00
   6.6666667e-01
   7.5333333e+01
   1.0000000e+01
   7.0000000e+01
   1.0666667e+01
   1.4666667e+01
   1.2000000e+01
   6.6666667e+00
   1.2000000e+02
   1.0466667e+02
   6.3333333e+01
   1.1333333e+01
   6.6666667e-01
   4.6666667e+00
   3.6666667e+01
   3.0666667e+01
   4.0000000e+00
   1.4000000e+01
   3.2000000e+01
   2.0666667e+01
   4.2666667e+01
   3.2000000e+01
   8.8666667e+01
   1.8666667e+01
   2.4000000e+01
   2.0000000e+01
   5.9333333e+01
   8.0000000e+00
   4.2000000e+01
   4.4666667e+01
   4.2666667e+01
   6.0000000e+00
   4.8000000e+01
   2.6666667e+00
   9.3333333e+01
   2.2066667e+02
   2.3333333e+01
   1.9333333e+01
   3.1333333e+01
   1.6666667e+01
   2.8666667e+01
   4.0000000e+00
   7.3333333e+00
   8.0000000e+00
   2.0000000e+01
   6.0000000e+00
   6.6666667e+00
   3.2000000e+01
   6.3333333e+01
   4.6666667e+01
   5.4666667e+01
   3.2666667e+01
   6.6666667e-01
   1.9000000e+02
   5.3333333e+00
   6.0000000e+00
   6.6666667e-01
   2.2666667e+01
   3.9333333e+01
   1.2000000e+01
   3.8666667e+01
   2.2000000e+01
   1.4000000e+01
   2.6733333e+02
   3.2800000e+02
   2.3266667e+02
   9.3333333e+00
   3.7333333e+01
   6.6666667e-01
   4.2000000e+01
   1.3333333e+01
   1.0666667e+01
   8.9333333e+01
   1.6666667e+01
   4.4666667e+01
   5.8000000e+01
   4.0000000e+00
   2.5733333e+02
   5.4666667e+01
   6.6666667e-01
   2.7333333e+01
   1.5333333e+01
   2.6666667e+01
   6.6666667e+00
   1.2666667e+01
   3.6666667e+01
   8.6666667e+00
   3.9466667e+02
   8.6666667e+00
   7.3333333e+00
   2.9333333e+01
   4.0666667e+01
   8.8000000e+01
   6.0000000e+00
   1.5333333e+01
   6.0666667e+01
   5.3333333e+00
   1.9333333e+01
   6.6666667e-01
   4.4000000e+01
   2.9333333e+01
   6.0000000e+01
   1.3333333e+00
   7.7333333e+01
   5.2666667e+01
   2.0000000e+01
   1.1333333e+01
   2.3333333e+01
   6.6666667e-01
   5.3333333e+00
   9.3333333e+00
   6.0000000e+00
   4.0000000e+00
   5.6666667e+01
   6.2000000e+01
   9.7333333e+01
   2.7333333e+01
   1.2666667e+01
   5.4000000e+01
   1.1333333e+01
   3.5333333e+01
   2.7333333e+01
   7.9333333e+01
   9.3333333e+00
   1.7466667e+02
   1.3333333e+01
   1.4000000e+01
   4.0000000e+00
   1.1466667e+02
   1.4000000e+01
   5.5333333e+01
   6.6666667e-01
   2.6000000e+01
   2.4666667e+01
   9.5333333e+01
   5.3333333e+00
   6.6666667e-01
   9.3333333e+00
   1.8333333e+02
   1.0466667e+02
   8.0000000e+00
   8.6000000e+01
   1.0666667e+01
   4.6600000e+02
   2.3333333e+01
   2.0666667e+01
   1.7333333e+01
   1.0666667e+01
   1.3333333e+00
   6.6666667e+01
   2.6400000e+02
   6.6666667e+00
   4.5333333e+01
   6.6666667e-01
   7.9333333e+01
   2.5333333e+01
   2.6666667e+00
   4.6666667e+01
   5.2666667e+01
   7.3333333e+00
   1.3333333e+00
   8.6000000e+01
   5.1333333e+01
   5.3333333e+00
   8.0000000e+00
   4.1333333e+01
   1.4000000e+01
   5.8666667e+01
   5.3333333e+01
   4.9333333e+01
   1.3333333e+01
   7.4666667e+01
   4.7333333e+01
   4.5333333e+01
   1.4400000e+02
   2.1333333e+01
   7.4000000e+01
   6.6666667e-01
   1.2000000e+01
   2.4000000e+01
   2.0666667e+01
   3.1333333e+01
   8.0000000e+00
   5.6666667e+01
   2.4666667e+01
   7.3333333e+00
   1.5333333e+01
   8.6666667e+00
   2.4666667e+01
   1.3333333e+00
   3.0133333e+02
   1.3333333e+00
   1.6666667e+01
   1.6800000e+02
   9.0666667e+01
   1.4000000e+01
   5.9333333e+01
   8.5333333e+01
   5.7333333e+01
   1.1333333e+01
   6.6666667e-01
   2.4666667e+01
   6.7333333e+01
   4.6000000e+01
   2.3333333e+01
   3.9333333e+01
   1.3333333e+01
   2.1333333e+01
   7.3333333e+00
   2.6666667e+00
   6.4000000e+01
   6.6666667e-01
   1.3333333e+01
   2.9333333e+01
   6.6666667e-01
   2.1333333e+01
   6.5333333e+01
   5.2000000e+01
   6.6666667e-01
   2.0000000e+01
   4.4666667e+01
   6.8066667e+02
   3.3333333e+00
   6.6666667e-01
   5.9333333e+01
   2.0666667e+01
   2.3333333e+01
   1.8666667e+01
   6.6666667e-01
   5.3333333e+00
   5.4666667e+01
   2.7333333e+01
   3.1333333e+01
   7.7333333e+01
   4.3333333e+01
   1.2000000e+01
   1.1333333e+01
   1.8000000e+01
   4.4000000e+01
   1.5333333e+02
   1.2666667e+02
   9.3333333e+00
   1.3333333e+01
   3.0666667e+01
   1.3400000e+02
   5.3333333e+00
   1.2666667e+01
   3.0666667e+01
   2.1333333e+01
   2.4666667e+01
   3.9333333e+01
   5.8000000e+01
   3.1333333e+01
   1.0666667e+01
   2.8000000e+01
   1.0666667e+01
   2.0000000e+00
   1.0666667e+01
   3.0000000e+01
   1.2000000e+01
   4.2000000e+01
   3.7333333e+01
   1.0666667e+01
   4.3333333e+01
   5.2666667e+01
   3.3333333e+01
   3.0000000e+01
   8.0000000e+00
   2.6666667e+00
   6.1333333e+01
   3.3333333e+01
   1.2666667e+01
   4.2000000e+01
   2.7333333e+01
   2.3333333e+01
   1.0666667e+01
   2.1333333e+01
   4.6666667e+00
   4.6666667e+00
   5.3333333e+00
   2.3333333e+01
   1.0666667e+01
   1.3400000e+02
   4.0000000e+00
   1.1333333e+01
   2.3333333e+01
   4.0000000e+00
   1.3333333e+00
   2.6666667e+00
   2.6666667e+00
   3.2666667e+01
   1.5333333e+01
   7.8000000e+01
   2.2000000e+01
   1.0000000e+01
   4.6000000e+01
   2.0000000e+01
   6.1333333e+01
   7.7333333e+01
   2.3333333e+01
   9.2000000e+01
   8.0000000e+00
   5.3333333e+00
   1.4000000e+01
   1.0133333e+02
   3.9333333e+01
   7.3333333e+00
   8.0000000e+00
   4.2000000e+01
   1.2666667e+01
   3.9333333e+01
   1.1333333e+01
   8.0000000e+00
   6.5333333e+01
   4.3333333e+01
   8.0000000e+00
   8.0000000e+00
   1.2866667e+02
   2.8000000e+01
   2.2666667e+01
   7.4000000e+01
   4.9333333e+01
   6.6000000e+01
   9.2666667e+01
   2.2000000e+01
   1.2000000e+01
   1.2666667e+01
   1.1600000e+02
   2.6666667e+01
   2.6666667e+00
   2.0666667e+01
   1.4000000e+01
   2.3333333e+01
   3.3333333e+01
   5.0000000e+01
   4.0000000e+00
   4.0000000e+00
   1.2666667e+01
   6.6666667e-01
   2.8666667e+01
   3.8666667e+01
   1.8666667e+01
   5.1333333e+01
   4.0666667e+01
   2.6666667e+01
   2.6666667e+01
   2.7333333e+01
   1.3333333e+00
   7.3333333e+00
   5.1333333e+01
   1.4666667e+01
   8.6666667e+00
   2.6666667e+00
   5.3333333e+00
   2.0000000e+00
   3.6000000e+01
   5.4666667e+01
   4.2000000e+01
   1.8933333e+02
   9.4000000e+01
   6.6666667e+00
   8.0000000e+00
   3.7400000e+02
   3.4000000e+01
   4.2666667e+01
   1.2000000e+01
   7.3333333e+00
   1.2000000e+01
   1.1333333e+01
   4.0000000e+00
   1.9333333e+01
   1.5333333e+01
   3.0666667e+01
   1.0200000e+02
   9.0666667e+01
   5.6000000e+01
   4.2000000e+01
   2.2000000e+01
   1.1133333e+02
   6.6666667e+00
   2.9333333e+01
   1.6666667e+01
   1.2000000e+01
   1.9333333e+01
   6.6666667e+00
   2.4666667e+01
   3.4666667e+01
   2.2000000e+01
   4.0000000e+01
   1.0666667e+01
   1.3333333e+01
   4.0000000e+00
   4.0000000e+00
   6.6666667e-01
   1.6000000e+01
   1.6000000e+01
   6.0000000e+00
   2.1333333e+01
   5.6666667e+01
   5.2666667e+01
   1.1333333e+01
   4.3333333e+01
   7.4000000e+01
   1.0266667e+02
   2.2000000e+01
   3.1200000e+02
   5.8666667e+01
   2.1333333e+01
   6.0000000e+00
   1.3333333e+01
   2.3333333e+01
   8.6000000e+01
   8.0000000e+00
   1.7733333e+02
   1.6000000e+01
   5.3333333e+00
   2.4000000e+01
   5.0666667e+01
   5.0666667e+01
   1.2000000e+01
   6.6666667e+00
   1.3333333e+00
   2.0000000e+00
   7.3333333e+00
   6.0000000e+00
   6.9800000e+02
   5.2666667e+01
   1.7533333e+02
   2.0666667e+01
   4.0000000e+00
   3.0666667e+01
   1.2666667e+01
   1.0333333e+02
   2.1333333e+01
   1.1333333e+01
   7.3333333e+00
   2.0666667e+01
   3.0666667e+01
   7.3333333e+00
   3.2666667e+01
   1.3333333e+01
   1.5333333e+01
   4.6666667e+01
   4.6000000e+01
   2.4666667e+01
   3.4666667e+01
   1.1133333e+02
   8.6666667e+00
   3.6466667e+02
   9.9333333e+01
   5.1333333e+01
   8.6666667e+00
   1.5200000e+02
   3.8000000e+01
   2.4000000e+01
   6.6666667e-01
   2.8533333e+02
   2.5333333e+01
   8.0000000e+00
   2.1333333e+01
   1.1333333e+01
   1.9333333e+01
   9.0666667e+01
   4.8000000e+01
   2.7333333e+01
   1.4000000e+01
   2.2666667e+01
   1.3333333e+00
   4.2666667e+01
   2.9333333e+01
   2.5333333e+01
   2.0666667e+01
   1.0000000e+01
   1.0000000e+01
   2.6666667e+01
   4.6666667e+00
   2.0000000e+02
   3.5333333e+01
   4.8666667e+01
   8.6666667e+00
   1.6666667e+01
   3.4666667e+01
   1.6666667e+01
   2.5333333e+01
   8.0666667e+01
   1.3333333e+00
   3.3333333e+00
   2.6666667e+00
   1.3333333e+00
   3.2000000e+01
   5.3333333e+01
   1.2066667e+02
   1.6000000e+01
   6.9333333e+01
   3.2666667e+01
   2.6666667e+01
   2.0666667e+01
   9.3333333e+00
   3.8666667e+01
   4.0000000e+01
   1.4666667e+01
   1.4666667e+01
   3.4666667e+01
   1.6000000e+01
   7.9333333e+01
   4.0000000e+00
   1.2666667e+01
   1.3600000e+02
   9.3333333e+00
   1.2000000e+01
   6.7333333e+01
   6.0000000e+00
   1.2000000e+01
   5.1333333e+01
   9.4000000e+01
   2.6666667e+01
   9.3333333e+00
   6.6666667e-01
   1.2666667e+01
   1.9333333e+01
   4.5333333e+01
   2.2000000e+01
   2.5333333e+01
   2.1333333e+01
   5.3333333e+00
   2.0000000e+00
   2.7333333e+01
   3.9600000e+02
   3.6666667e+01
   6.6666667e+00
   1.0200000e+02
   1.2133333e+02
   4.0000000e+00
   5.3333333e+00
   1.6000000e+01
   2.2000000e+01
   6.2000000e+01
   4.2000000e+01
   5.6666667e+01
   1.9333333e+01
   1.8000000e+01
   3.9333333e+01
   8.0000000e+00
   1.2000000e+01
   1.5333333e+01
   2.0666667e+01
   8.4666667e+01
   5.3333333e+01
   1.5333333e+01
   1.4000000e+01
   7.3333333e+00
   1.2666667e+01
   1.8666667e+01
   3.3333333e+00
   5.0666667e+01
   9.4666667e+01
   1.3333333e+00
   1.0666667e+01
   2.4666667e+01
   1.4000000e+01
   2.8666667e+01
   4.3333333e+01
   5.5333333e+01
   2.0000000e+01
   2.6666667e+01
   7.5333333e+01
   3.2000000e+01
   1.4000000e+01
   1.2000000e+01
   7.3333333e+00
   1.6666667e+01
   1.0000000e+01
   3.2666667e+01
   1.8666667e+01
   2.3333333e+01
   2.5066667e+02
   7.7333333e+01
   2.6666667e+00
   1.6000000e+01
   6.7333333e+01
   4.6666667e+00
   1.5200000e+02
   2.2666667e+01
   1.1333333e+01
   4.6666667e+01
   1.1333333e+01
   6.8666667e+01
   8.9333333e+01
   3.3333333e+00
   2.7000000e+02
   2.6666667e+00
   1.6666667e+01
   1.5200000e+02
   3.1333333e+01
   4.8000000e+01
   1.4666667e+01
   9.3333333e+00
   1.3333333e+01
   3.8000000e+01
   3.0000000e+01
   2.4000000e+01
   8.5333333e+01
   1.2533333e+02
   3.3333333e+01
   1.2933333e+02
   1.2666667e+01
   5.6666667e+01
   9.3333333e+00
   1.2000000e+01
   4.8666667e+01
   1.4200000e+02
   5.3333333e+01
   2.9333333e+01
   1.2666667e+01
   1.6600000e+02
   2.6666667e+00
   3.2000000e+01
   3.7333333e+01
   3.6000000e+01
   2.6666667e+00
   3.5333333e+01
   3.9333333e+01
   8.6666667e+00
   5.4000000e+01
   6.3333333e+01
   6.6666667e+01
   6.6666667e+00
   3.8000000e+01
   2.0666667e+01
   2.3333333e+01
   3.3333333e+00
   2.4000000e+01
   4.0000000e+01
   1.0000000e+02
   8.2000000e+01
   1.3333333e+00
   9.2666667e+01
   8.6666667e+00
   1.7266667e+02
   2.1333333e+01
   2.7333333e+01
   7.4000000e+01
   4.0000000e+00
   3.0000000e+01
   8.6666667e+00
   3.8666667e+01
   1.8000000e+01
   3.1333333e+01
   6.6666667e+01
   2.5333333e+01
   7.8000000e+01
   2.8466667e+02
   3.6666667e+01
   8.0000000e+00
   1.2000000e+01
   1.3333333e+01
   9.0666667e+01
   1.0066667e+02
   1.1333333e+01
   6.6666667e-01
   3.3333333e+00
   5.0000000e+01
   1.7333333e+01
   1.5333333e+01
   4.0000000e+00
   3.4666667e+01
   1.3333333e+00
   1.3200000e+02
   4.6666667e+01
   1.0666667e+01
   6.3333333e+01
   8.0000000e+00
   4.0000000e+00
   1.9333333e+01
   9.3333333e+00
   2.2666667e+01
   2.0000000e+01
   2.6000000e+01
   1.3333333e+00
   2.4666667e+01
   6.9333333e+01
   1.2000000e+01
   1.8333333e+02
   4.0666667e+01
   1.9333333e+01
   6.2666667e+01
   3.8666667e+01
   4.0000000e+00
   1.4000000e+01
   1.1466667e+02
   2.7333333e+01
   2.2000000e+01
   3.6666667e+01
   2.0666667e+01
   1.3333333e+00
   8.6666667e+00
   3.6000000e+01
   1.3333333e+00
   7.2000000e+01
   6.6666667e-01
   6.6666667e-01
   2.9333333e+01
   3.6000000e+01
   2.4000000e+01
   6.6666667e+00
   3.4666667e+01
   7.8000000e+01
   1.8200000e+02
   7.5333333e+01
   1.4266667e+02
   2.2733333e+02
   5.7333333e+01
   8.6666667e+00
   2.4000000e+01
   2.4000000e+01
   5.0000000e+01
   4.0000000e+00
   3.8000000e+01
   6.6666667e-01
   7.3333333e+00
   2.3333333e+01
   4.6666667e+00
   2.7333333e+01
   4.0000000e+00
   1.9333333e+01
   5.1333333e+01
   2.6666667e+00
   6.6666667e+00
   4.0000000e+01
   6.6666667e+00
   6.0000000e+00
   4.0000000e+00
   2.0000000e+00
   2.0000000e+00
   1.5333333e+01
   1.8666667e+01
   7.2000000e+01
   4.2000000e+01
   1.0000000e+01
   2.6666667e+00
   2.8666667e+01
   1.8000000e+01
   7.9333333e+01
   1.3333333e+01
   8.0000000e+01
   1.2666667e+01
   2.0666667e+01
   3.8000000e+01
   4.0000000e+01
   1.5600000e+02
   3.9066667e+02
   2.2400000e+02
   4.7333333e+01
   3.4666667e+01
   1.4266667e+02
   1.4666667e+01
   1.8666667e+01
   4.0000000e+00
   6.0000000e+00
   1.2933333e+02
   6.6666667e-01
   1.2666667e+01
   9.3333333e+00
   3.6000000e+01
   1.2933333e+02
   1.8666667e+01
   4.0000000e+00
   9.3333333e+00
   8.2666667e+01
   6.4000000e+01
   4.0000000e+00
   1.1333333e+01
   4.0000000e+00
   3.0000000e+01
   9.3333333e+00
   1.2666667e+01
   3.3333333e+01
   1.3000000e+02
   5.3333333e+00
   1.9333333e+01
   1.6666667e+01
   3.8666667e+01
   1.9333333e+01
   5.2000000e+01
   4.5333333e+01
   8.6666667e+01
   2.6666667e+00
   6.6666667e+00
   2.6000000e+01
   1.2466667e+02
   3.9333333e+01
   8.0666667e+01
   1.6133333e+02
   6.0000000e+00
   4.3333333e+01
   8.0000000e+00
   1.7333333e+01
   2.0000000e+01
   3.8000000e+01
   2.7333333e+01
   6.0000000e+01
   1.8666667e+01
   7.6666667e+01
   5.3333333e+00
   2.1333333e+01
   6.5333333e+01
   5.5333333e+01
   1.2000000e+02
   8.6666667e+00
   6.6666667e-01
   3.6666667e+01
   2.6666667e+01
   2.9066667e+02
   1.0333333e+02
   7.3333333e+00
   1.6666667e+01
   7.6666667e+01
   6.4666667e+01
   2.6400000e+02
   3.6000000e+01
   7.3333333e+00
   2.0000000e+01
   2.4666667e+01
   5.1333333e+01
   8.6666667e+00
   2.5333333e+01
   3.2666667e+01
   1.4266667e+02
   4.5333333e+01
   6.1333333e+01
   1.5333333e+01
   1.0000000e+01
   3.2666667e+01
   7.3333333e+00
   3.8666667e+01
   4.6666667e+01
   3.4000000e+01
   1.6466667e+02
   1.4533333e+02
   4.0666667e+01
   7.3333333e+00
   7.3333333e+00
   8.0000000e+00
   6.6666667e-01
   1.4666667e+01
   8.6666667e+00
   2.4000000e+01
   6.6666667e+00
   2.7333333e+01
   8.0000000e+00
   1.4000000e+01
   1.4666667e+01
   2.8000000e+01
   1.3333333e+01
   9.3333333e+00
   3.6000000e+01
   3.1333333e+01
   1.2533333e+02
   4.0000000e+01
   1.0666667e+01
   4.2666667e+01
   1.6533333e+02
   3.2000000e+01
   1.0666667e+01
   1.7333333e+01
   2.2000000e+01
   4.2000000e+01
   2.9333333e+01
   7.0666667e+01
   5.0666667e+01
   4.0000000e+00
   3.8000000e+01
   1.2666667e+01
   2.3600000e+02
   4.4666667e+01
   3.3333333e+00
   2.8666667e+01
   4.4666667e+01
   2.8000000e+01
   2.1333333e+01
   2.1333333e+01
   1.8666667e+01
   3.6666667e+01
   2.4000000e+01
   9.6000000e+01
   2.6666667e+01
   3.7333333e+01
   1.6666667e+01
   6.5333333e+01
   2.0000000e+00
   4.9333333e+01
   5.3333333e+00
   3.2666667e+01
   5.1333333e+01
   2.0400000e+02
   9.3333333e+00
   2.7333333e+02
   1.2000000e+01
   7.8666667e+01
   1.1333333e+01
   6.3333333e+01
   3.8666667e+01
   7.4000000e+01
   2.9466667e+02
   7.8000000e+01
   5.0666667e+01
   5.1800000e+02
   1.1333333e+01
   3.7333333e+01
   2.8000000e+01
   1.2666667e+01
   8.0000000e+00
   2.3333333e+01
   1.0666667e+01
   7.3333333e+00
   9.3333333e+00
   8.0000000e+00
   5.4666667e+01
   1.0133333e+02
   1.3466667e+02
   1.9333333e+01
   1.3333333e+00
   5.2666667e+01
   2.0000000e+01
   1.5333333e+01
   3.8666667e+01
   2.6666667e+00
   2.6666667e+01
   5.3333333e+00
   9.3333333e+00
   3.3333333e+00
   7.8000000e+01
   4.0666667e+01
   4.8666667e+01
   1.2000000e+01
   1.2666667e+01
   6.3333333e+01
   2.7266667e+02
   1.0933333e+02
   2.8666667e+01
   1.9333333e+01
   3.7066667e+02
   3.6666667e+01
   2.3333333e+01
   1.4000000e+01
   1.0000000e+01
   5.3333333e+00
   2.4000000e+01
   3.1333333e+01
   7.3333333e+00
   7.2000000e+01
   1.0200000e+02
   3.1333333e+01
   3.3333333e+01
   8.0000000e+00
   6.6666667e-01
   7.2000000e+01
   1.1333333e+01
   6.8000000e+01
   2.6666667e+00
   5.3333333e+01
   1.7333333e+01
   1.1466667e+02
   1.4666667e+01
   1.2000000e+01
   7.0666667e+01
   3.6666667e+01
   3.2000000e+01
   1.2600000e+02
   1.1333333e+01
   1.2000000e+01
   1.6000000e+01
   8.9333333e+01
   1.5333333e+01
   7.4000000e+01
   5.0666667e+01
   3.4000000e+01
   3.2666667e+01
   1.6666667e+01
   4.0000000e+00
   3.5333333e+01
   4.6666667e+00
   5.6000000e+01
   2.1333333e+01
   2.0000000e+00
   8.0666667e+01
   3.8000000e+01
   3.1333333e+01
   1.3333333e+00
   1.2000000e+01
   5.4000000e+01
   3.3333333e+00
   1.2666667e+01
   3.4000000e+01
   7.9333333e+01
   1.0200000e+02
   1.3333333e+01
   1.4000000e+01
   5.5333333e+01
   1.2666667e+01
   1.6000000e+01
   2.1333333e+01
   2.7333333e+01
   1.0666667e+01
   1.0666667e+01
   2.4000000e+01
   1.6666667e+01
   2.6666667e+01
   4.6200000e+02
   2.6000000e+01
   9.3333333e+00
   3.6666667e+01
   2.9333333e+01
   1.4000000e+01
   1.4666667e+01
   1.7333333e+01
   6.0000000e+00
   1.5066667e+02
   1.2933333e+02
   1.4666667e+01
   1.0933333e+02
   8.0000000e+00
   2.0000000e+01
   1.1333333e+01
   8.0000000e+00
   7.3333333e+01
   2.3333333e+01
   1.0733333e+02
   1.6000000e+01
   1.8666667e+01
   3.0000000e+01
   4.0000000e+00
   1.2000000e+01
   1.7333333e+01
   5.3333333e+00
   9.3333333e+00
   8.0000000e+00
   4.5333333e+01
   3.6666667e+01
   1.0666667e+01
   2.0666667e+01
   5.2666667e+01
   1.7333333e+01
   1.5333333e+01
   1.2000000e+01
   4.5333333e+02
   6.0000000e+00
   1.0666667e+01
   1.4666667e+01
   8.6666667e+00
   8.6666667e+00
   3.6666667e+01
   6.6666667e-01
   6.6666667e+01
   7.3333333e+00
   4.0000000e+00
   5.8533333e+02
   3.6666667e+01
   3.4000000e+01
   5.3333333e+00
   2.0666667e+01
   4.6666667e+00
   6.8666667e+01
   2.8000000e+01
   4.0000000e+00
   2.1200000e+02
   4.9333333e+01
   1.6666667e+01
   3.6666667e+01
   6.6666667e-01
   1.5666667e+02
   8.5333333e+01
   1.6666667e+01
   2.6666667e+01
   2.0666667e+01
   2.8000000e+01
   1.7333333e+01
   2.4000000e+01
   3.6000000e+01
   5.2000000e+01
   8.2666667e+01
   3.0666667e+01
   5.3333333e+01
   1.8000000e+01
   5.3333333e+00
   6.0666667e+01
   1.0666667e+01
   6.6666667e-01
   5.3333333e+00
   6.6666667e-01
   6.6666667e-01
   6.6666667e-01
   6.6666667e-01
   6.6666667e-01
   6.6666667e-01
   3.3333333e+00
   1.1400000e+02
   6.4000000e+01
   6.0000000e+00
   1.0666667e+01
   2.0666667e+01
   6.0000000e+00
   2.1333333e+01
   8.0666667e+01
   3.6666667e+01
   3.3333333e+00
   6.6666667e-01
   2.1333333e+01
   3.6666667e+01
   7.3333333e+00
   3.3333333e+01
   4.1400000e+02
   2.6666667e+01
   4.0666667e+01
   6.2666667e+01
   2.6000000e+01
   5.7333333e+01
   1.0000000e+01
   1.2000000e+01
   7.3333333e+00
   4.6666667e+01
   3.3333333e+00
   4.9333333e+01
   2.6666667e+00
   4.0000000e+00
   5.8000000e+01
   1.8000000e+01
   5.6000000e+01
   2.3333333e+01
   4.0000000e+01
   2.6933333e+02
   2.0000000e+00
   1.3333333e+01
   3.8000000e+01
   6.6666667e-01
   5.3333333e+00
   6.0000000e+00
   4.6666667e+00
   1.2666667e+01
   8.6666667e+00
   5.3333333e+00
   2.9333333e+01
   1.2666667e+01
   1.0133333e+02
   2.4000000e+01
   2.6000000e+01
   3.5333333e+01
   6.6666667e-01
   4.2000000e+01
   1.7333333e+01
   1.9000000e+02
   5.6000000e+01
   1.3333333e+00
   2.0000000e+01
   2.7333333e+01
   1.1533333e+02
   3.2000000e+01
   2.3333333e+01
   4.8666667e+01
   3.1333333e+01
   4.4666667e+01
   5.8666667e+01
   7.4266667e+02
   4.0666667e+01
   4.8666667e+01
   3.6666667e+01
   6.6666667e+00
   2.8666667e+01
   8.0000000e+00
   8.6000000e+01
   1.8666667e+01
   9.3333333e+00
   3.7266667e+02
   1.2533333e+02
   4.6666667e+01
   1.0666667e+01
   4.8666667e+01
   1.3333333e+01
   1.1333333e+01
   1.3333333e+01
   6.6666667e+00
   1.6466667e+02
   3.6666667e+01
   1.5333333e+01
   1.8000000e+01
   2.2666667e+01
   4.9333333e+01
   1.0666667e+01
   2.0866667e+02
   2.3333333e+01
   1.1333333e+01
   6.2000000e+01
   2.8666667e+01
   1.2000000e+01
   7.4666667e+01
   5.2000000e+01
   1.2000000e+01
   1.4533333e+02
   2.2000000e+01
   1.2000000e+01
   1.9333333e+01
   3.8666667e+01
   5.6666667e+01
   2.8666667e+01
   1.3333333e+01
   1.1333333e+01
   3.0666667e+01
   1.8000000e+02
   2.2666667e+01
   3.9333333e+01
   1.2666667e+01
   7.1333333e+01
   1.0800000e+02
   3.1333333e+01
   2.2666667e+01
   4.7333333e+01
   1.6000000e+01
   1.4666667e+01
   2.2000000e+01
   1.4666667e+01
   3.3333333e+01
   1.2000000e+01
   9.3333333e+00
   4.0000000e+00
   4.0000000e+00
   2.4000000e+01
   7.8666667e+01
   6.0666667e+01
   1.0866667e+02
   1.2933333e+02
   1.8000000e+01
   5.2000000e+01
   1.4000000e+01
   7.9333333e+01
   4.0666667e+01
   2.1333333e+01
   9.7333333e+01
   6.1333333e+01
   1.3333333e+00
   1.0666667e+01
   6.6666667e+00
   3.4000000e+01
   1.0666667e+01
   7.0000000e+01
   1.5466667e+02
   3.7333333e+01
   5.3333333e+01
   1.0666667e+01
   3.2666667e+01
   4.0666667e+01
   7.3333333e+00
   8.0000000e+00
   6.2000000e+01
   4.4000000e+01
   1.3200000e+02
   7.8666667e+01
   5.4200000e+02
   3.6666667e+01
   2.6666667e+02
   4.8666667e+01
   8.0000000e+00
   1.2000000e+01
   2.6666667e+00
   5.4000000e+01
   1.7333333e+01
   1.8733333e+02
   1.3333333e+01
   4.0666667e+01
   6.6666667e-01
   4.4666667e+01
   1.0666667e+01
   3.7333333e+01
   4.2000000e+01
   6.6666667e-01
   2.0666667e+01
   7.0666667e+01
   6.2666667e+01
   1.3333333e+01
   9.3333333e+00
   5.4000000e+01
   8.6666667e+00
   2.2666667e+01
   6.2000000e+01
   2.8666667e+01
   5.3333333e+00
   6.6666667e+00
   8.6666667e+00
   2.5333333e+01
   2.2466667e+02
   1.1333333e+01
   3.0000000e+01
   1.7333333e+01
   2.0000000e+01
   9.9333333e+01
   2.5333333e+01
   4.6666667e+00
   1.1333333e+01
   2.9333333e+01
   6.6666667e+00
   1.0666667e+01
   1.6000000e+01
   6.8000000e+01
   5.5333333e+01
   9.5333333e+01
   3.8000000e+01
   9.0666667e+01
   2.4666667e+01
   2.0000000e+01
   3.6666667e+01
   8.0000000e+00
   4.6666667e+00
   2.2666667e+01
   1.0333333e+02
   9.3333333e+00
   6.0000000e+00
   6.0000000e+00
   8.0000000e+01
   2.2000000e+01
   9.6000000e+01
   1.0866667e+02
   1.0200000e+02
   5.4000000e+01
   3.0000000e+01
   8.6666667e+00
   1.2666667e+01
   9.0000000e+01
   1.5333333e+01
   2.2666667e+01
   8.6666667e+00
   6.6666667e+00
   6.6666667e-01
   2.8666667e+01
   6.5333333e+01
   5.6666667e+01
   2.8000000e+01
   2.5333333e+01
   3.4666667e+01
   3.7333333e+01
   1.6666667e+01
   2.6000000e+01
   1.0000000e+01
   1.3333333e+00
   2.0000000e+00
   8.9333333e+01
   2.2000000e+01
   4.9333333e+01
   1.9333333e+01
   2.0000000e+01
   3.6000000e+01
   7.3333333e+00
   1.1333333e+01
   4.6666667e+00
   1.9333333e+01
   6.6666667e+00
   9.3333333e+00
   8.0000000e+00
   2.6666667e+00
   1.1066667e+02
   3.0000000e+01
   9.3333333e+00
   2.1333333e+01
   5.2666667e+01
   1.2000000e+01
   6.6666667e-01
   1.4666667e+01
   8.6666667e+00
   1.0466667e+02
   3.4000000e+01
   2.8000000e+01
   2.0000000e+00
   2.0666667e+01
   7.3333333e+00
   7.3333333e+00
   1.7333333e+01
   3.4000000e+01
   2.6000000e+01
   4.3333333e+01
   1.6666667e+01
   1.4000000e+01
   4.5333333e+01
   4.0000000e+00
   8.9333333e+01
   1.6666667e+01
   6.4666667e+01
   3.5333333e+01
   1.6000000e+01
   6.7333333e+01
   6.0000000e+00
   5.8000000e+01
   2.6000000e+01
   1.1333333e+01
   1.0200000e+02
   1.1333333e+01
   2.0666667e+01
   2.0000000e+00
   6.6666667e+00
   5.6000000e+01
   3.8000000e+01
   1.0666667e+01
   5.6666667e+01
   2.2666667e+01
   1.9333333e+01
   4.4666667e+01
   3.2000000e+01
   3.8666667e+01
   5.8666667e+01
   1.5333333e+01
   3.5333333e+01
   9.3333333e+00
   3.4000000e+01
   2.3333333e+01
   9.3333333e+01
   6.6666667e-01
   3.3333333e+00
   7.3333333e+00
   1.0000000e+01
   5.2000000e+01
   9.3333333e+00
   1.3333333e+01
   9.0666667e+01
   3.5333333e+01
   1.0666667e+01
   6.1333333e+01
   8.0666667e+01
   3.2000000e+01
   5.3333333e+00
   9.3333333e+00
   2.8000000e+01
   2.0000000e+00
   2.6666667e+01
   1.2000000e+01
   7.3333333e+00
   8.0000000e+00
   2.6000000e+01
   1.7333333e+01
   1.1266667e+02
   1.2866667e+02
   8.1333333e+01
   7.4666667e+01
   1.1333333e+01
   7.7333333e+01
   1.2666667e+01
   2.0000000e+00
   7.3333333e+01
   3.4000000e+01
   1.7333333e+01
   4.7333333e+02
   2.0666667e+01
   2.8666667e+01
   1.2000000e+01
   6.6666667e-01
   5.6000000e+01
   6.0000000e+00
   2.6000000e+01
   1.2000000e+01
   4.6000000e+01
   2.3333333e+01
   2.2000000e+01
   3.6666667e+01
   2.6666667e+00
   5.6000000e+01
   3.2666667e+01
   2.6666667e+01
   2.6000000e+01
   1.2000000e+01
   1.2933333e+02
   2.0000000e+00
   4.6666667e+00
   5.2666667e+01
   1.4666667e+01
   1.4666667e+01
   1.8066667e+02
   8.8000000e+01
   4.4666667e+01
   1.9333333e+01
   8.0000000e+00
   4.0000000e+01
   1.5333333e+01
   1.0666667e+01
   8.0000000e+00
   7.4666667e+01
   3.0666667e+01
   2.0666667e+01
   7.3333333e+00
   1.3333333e+01
   1.0466667e+02
   2.0000000e+00
   6.6666667e-01
   6.6666667e-01
   6.6666667e-01
   6.6666667e-01
   3.2666667e+01
   1.3266667e+02
   3.2000000e+01
   3.3533333e+02
   3.2666667e+01
   4.7333333e+01
   1.8000000e+01
   8.6666667e+00
   1.2666667e+01
   1.0000000e+01
   9.3333333e+00
   4.3733333e+02
   4.0000000e+00
   5.3333333e+00
   6.2666667e+01
   1.2666667e+01
   6.6666667e-01
   2.4666667e+01
   1.8000000e+01
   3.7400000e+02
   7.3333333e+00
   3.2000000e+01
   1.0133333e+02
   3.2000000e+01
   2.0000000e+00
   1.8666667e+01
   6.6666667e+00
   2.6666667e+00
   2.9066667e+02
   2.9333333e+01
   5.3333333e+00
   6.6666667e-01
   7.2666667e+01
   3.0666667e+01
   5.8000000e+01
   2.6666667e+00
   5.2666667e+01
   6.6666667e-01
   1.1333333e+01
   1.2000000e+01
   5.3333333e+00
   5.4000000e+01
   2.2000000e+01
   3.8666667e+01
   2.4666667e+01
   4.4000000e+01
   8.7333333e+01
   2.5333333e+01
   1.7733333e+02
   4.0000000e+00
   6.6666667e+00
   2.1333333e+01
   3.3333333e+01
   6.6666667e-01
   4.3333333e+01
   1.4666667e+01
   3.4000000e+01
   5.2000000e+01
   1.0600000e+02
   8.0000000e+00
   8.0000000e+00
   1.9333333e+01
   1.1333333e+01
   4.2000000e+01
   1.6666667e+01
   6.6666667e+00
   2.4666667e+01
   4.0000000e+00
   6.6666667e+00
   3.3333333e+00
   2.8666667e+01
   1.2466667e+02
   8.8000000e+01
   2.0000000e+01
   3.6666667e+01
   1.1400000e+02
   1.3333333e+00
   8.0000000e+01
   3.3333333e+01
   7.8666667e+01
   5.4000000e+01
   2.3333333e+01
   1.8666667e+01
   1.2666667e+01
   4.6666667e+00
   2.4000000e+01
   1.0666667e+01
   1.8666667e+01
   4.0000000e+00
   1.2666667e+01
   3.5333333e+01
   3.8800000e+02
   2.5400000e+02
   2.0000000e+01
   5.0666667e+01
   1.2133333e+02
   1.3333333e+00
   6.0000000e+00
   6.6666667e-01
   1.5266667e+02
   4.0666667e+01
   4.7333333e+01
   4.0000000e+00
   2.6666667e+00
   3.4000000e+01
   4.9333333e+01
   3.2000000e+01
   4.8666667e+01
   3.6666667e+01
   1.1333333e+01
   3.7333333e+01
   4.4000000e+01
   8.0000000e+00
   2.2666667e+01
   1.5466667e+02
   5.3333333e+01
   4.0000000e+00
   4.6666667e+01
   1.4666667e+01
   3.9333333e+01
   2.0000000e+01
   4.0000000e+00
   9.3333333e+01
   2.0000000e+01
   3.2000000e+01
   2.6666667e+01
   4.6666667e+01
   6.6666667e-01
   1.5333333e+01
   3.6000000e+01
   8.6666667e+00
   1.4666667e+01
   6.0000000e+01
   8.6666667e+00
   6.6666667e-01
   6.6666667e-01
   1.7333333e+01
   2.8666667e+01
   6.2000000e+01
   5.8666667e+01
   4.6666667e+01
   2.0000000e+01
   3.0666667e+01
   3.3333333e+00
   2.0000000e+01
   1.5333333e+01
   2.0000000e+01
   7.0000000e+01
   8.0000000e+01
   2.9333333e+01
   5.5333333e+01
   3.4000000e+01
   1.0000000e+01
   3.6000000e+01
   7.3333333e+00
   7.3333333e+01
   3.2000000e+01
   5.4000000e+01
   5.3333333e+00
   2.7333333e+01
   1.6000000e+01
   1.6933333e+02
   2.1333333e+02
   4.7333333e+01
   6.6666667e-01
   6.0000000e+00
   4.6666667e+01
   3.1333333e+01
   3.4000000e+01
   3.2666667e+01
   2.0000000e+00
   3.2000000e+01
   5.6000000e+01
   7.3333333e+00
   8.1333333e+01
   2.2000000e+01
   5.2666667e+01
   2.0666667e+01
   4.6666667e+01
   6.0000000e+00
   3.2000000e+01
   8.6666667e+00
   5.6666667e+01
   1.2000000e+01
   2.4000000e+01
   8.6666667e+01
   7.6666667e+01
   3.8666667e+01
   1.2666667e+02
   1.0000000e+02
   1.0000000e+01
   3.6000000e+01
   3.5333333e+01
   3.9333333e+01
   2.9333333e+01
   7.3333333e+00
   2.5333333e+01
   1.2666667e+01
   5.0000000e+01
   1.0000000e+01
   3.0000000e+01
   5.2000000e+01
   1.3333333e+00
   1.4000000e+01
   6.5333333e+01
   1.4000000e+01
   8.0000000e+00
   8.6666667e+00
   7.9333333e+01
   1.4000000e+01
   7.3333333e+00
   4.0000000e+00
   8.6000000e+01
   6.4000000e+01
   4.6666667e+01
   4.7333333e+01
   1.3333333e+00
   7.2666667e+01
   6.6666667e-01
   4.4000000e+01
   4.0000000e+00
   1.4400000e+02
   2.8666667e+01
   6.6666667e-01
   1.9333333e+01
   3.6000000e+01
   8.2666667e+01
   2.1333333e+01
   2.3933333e+02
   1.8666667e+01
   1.3333333e+01
   2.6666667e+00
   4.6666667e+00
   1.1333333e+01
   6.6000000e+01
   4.6666667e+00
   2.9333333e+01
   5.5333333e+01
   4.0000000e+00
   4.9333333e+01
   3.9333333e+01
   9.3333333e+00
   2.1333333e+01
   1.8000000e+01
   2.6000000e+01
   4.0000000e+00
   2.0000000e+01
   2.4000000e+01
   1.1333333e+01
   4.0000000e+00
   2.6666667e+00
   4.5333333e+01
   8.0000000e+00
   1.1333333e+01
   2.3333333e+01
   2.6000000e+01
   8.6666667e+00
   2.0000000e+00
   2.3866667e+02
   4.2000000e+01
   8.6666667e+00
   2.2000000e+01
   1.9333333e+01
   2.7333333e+01
   3.6666667e+01
   2.8666667e+01
   2.0666667e+01
   4.7333333e+01
   6.6666667e+00
   2.1333333e+01
   2.2000000e+01
   1.3333333e+01
   2.8000000e+01
   5.0666667e+01
   3.3333333e+01
   3.8000000e+01
   5.8400000e+02
   1.8666667e+01
   1.6000000e+01
   7.4666667e+01
   1.0666667e+01
   1.9533333e+02
   4.8666667e+01
   1.0000000e+01
   2.6666667e+01
   1.8066667e+02
   2.2666667e+01
   4.2000000e+01
   4.2666667e+01
   9.3333333e+00
   8.6666667e+00
   6.6666667e-01
   6.6666667e-01
   6.6666667e-01
   6.6666667e-01
   6.6666667e-01
   5.2666667e+01
   1.4000000e+01
   1.8000000e+01
   2.4666667e+01
   1.0400000e+02
   1.6666667e+01
   1.5333333e+01
   1.2000000e+01
   2.9333333e+01
   9.8666667e+01
   1.0666667e+01
   4.6666667e+00
   1.8666667e+01
   5.4666667e+01
   9.3333333e+00
   8.4000000e+01
   1.0000000e+01
   1.0000000e+02
   1.0666667e+01
   2.6666667e+00
   2.4666667e+01
   7.8666667e+01
   3.0666667e+01
   8.0000000e+00
   1.1333333e+02
   7.3333333e+00
   3.5333333e+01
   2.7333333e+01
   2.0666667e+01
   2.1333333e+01
   1.2000000e+01
   4.3333333e+01
   8.0000000e+00
   7.3333333e+00
   8.0000000e+00
   3.6000000e+01
   2.6666667e+00
   1.4666667e+01
   9.0666667e+01
   1.3333333e+01
   5.5333333e+01
   3.6666667e+01
   1.6666667e+01
   2.1333333e+01
   2.6666667e+01
   2.5333333e+01
   2.3133333e+02
   2.5333333e+01
   5.0000000e+01
   6.8666667e+01
   2.8666667e+01
   4.5333333e+01
   5.0666667e+01
   2.2000000e+01
   3.0000000e+01
   4.6000000e+01
   2.6666667e+00
   7.3333333e+00
   6.6666667e-01
   2.5333333e+01
   2.4000000e+01
   2.7333333e+01
   8.4000000e+01
   1.8000000e+01
   4.7333333e+01
   3.7333333e+01
   1.2533333e+02
   5.6666667e+01
   6.0000000e+00
   2.0000000e+00
   9.3333333e+00
   3.5333333e+01
   1.0800000e+02
   3.3333333e+00
   3.4666667e+01
   3.3333333e+01
   2.9333333e+01
   2.4000000e+01
   3.6000000e+01
   4.0000000e+00
   5.3333333e+00
   2.5333333e+01
   2.4933333e+02
   2.1333333e+01
   6.2000000e+01
   1.1333333e+01
   6.0000000e+00
   1.5333333e+01
   4.0000000e+00
   2.8666667e+01
   1.4000000e+01
   4.4666667e+01
   2.8000000e+01
   3.9333333e+01
   4.0666667e+01
   1.5333333e+01
   7.1333333e+01
   7.0000000e+01
   7.3333333e+00
   3.4666667e+01
   5.4666667e+01
   1.4000000e+01
   2.0666667e+01
   4.6666667e+00
   1.1333333e+01
   1.3333333e+01
   5.2000000e+01
   6.6666667e-01
   6.6666667e-01
   2.2000000e+01
   1.6666667e+01
   1.3800000e+02
   3.3600000e+02
   3.2000000e+01
   4.6666667e+00
   2.0000000e+01
   6.0000000e+01
   1.5333333e+01
   1.0000000e+01
   6.6666667e+01
   1.4666667e+01
   2.6666667e+00
   9.3333333e+00
   4.6666667e+01
   1.9333333e+02
   2.7466667e+02
   1.3333333e+00
   6.6666667e-01
   4.0000000e+00
   3.3333333e+00
   4.0000000e+00
   2.0000000e+00
   2.6666667e+00
   6.0000000e+01
   1.3333333e+01
   1.5266667e+02
   9.3333333e+00
   2.2000000e+01
   2.1333333e+01
   4.3933333e+02
   5.0000000e+01
   1.0666667e+01
   8.5333333e+01
   1.8400000e+02
   6.2000000e+01
   1.6000000e+01
   2.3333333e+01
   2.6000000e+01
   1.9333333e+01
   5.5333333e+01
   1.6000000e+01
   2.2800000e+02
   1.8266667e+02
   8.0666667e+01
   1.3333333e+00
   1.6000000e+01
   2.2733333e+02
   3.0666667e+01
   5.3333333e+00
   7.3333333e+00
   2.9333333e+01
   2.2666667e+01
   9.3333333e+00
   5.8000000e+01
   2.4000000e+01
   3.3333333e+01
   8.2000000e+01
   2.1333333e+01
   6.6666667e+00
   1.3333333e+00
   6.6666667e+00
   5.3333333e+00
   4.2666667e+01
   3.2000000e+01
   4.2000000e+01
   1.2000000e+01
   3.3333333e+00
   3.8000000e+01
   4.0000000e+00
   2.6666667e+01
   8.6666667e+00
   3.2000000e+01
   1.6666667e+01
   1.2666667e+01
   2.9333333e+01
   6.0000000e+00
   7.3333333e+00
   3.1333333e+01
   1.4000000e+01
   4.0000000e+00
   8.0000000e+01
   7.6000000e+01
   5.3333333e+00
   2.2666667e+01
   3.2866667e+02
   1.4666667e+01
   1.0733333e+02
   2.6666667e+00
   6.8000000e+01
   7.3333333e+00
   2.6000000e+01
   5.2666667e+01
   1.2400000e+02
   3.3333333e+00
   1.6000000e+01
   1.9333333e+01
   1.6000000e+01
   1.2666667e+01
   2.0000000e+00
   7.0666667e+01
   4.6666667e+01
   1.2666667e+01
   1.4666667e+01
   9.3333333e+00
   3.4666667e+01
   5.3333333e+00
   1.0666667e+01
   1.5333333e+01
   4.0000000e+00
   6.6666667e-01
   1.4666667e+01
   8.0000000e+00
   2.2000000e+01
   9.3333333e+00
   3.4666667e+01
   4.7333333e+01
   1.0866667e+02
   4.0000000e+00
   4.0000000e+00
   8.0000000e+00
   4.0000000e+00
   1.9333333e+01
   9.7333333e+01
   8.0000000e+00
   1.9333333e+01
   1.8666667e+01
   4.1933333e+02
   4.6666667e+00
   7.3333333e+00
   2.6666667e+01
   4.0666667e+01
   1.1333333e+01
   7.3333333e+00
   1.3333333e+01
   2.8666667e+01
   9.3333333e+00
   6.0000000e+00
   6.2666667e+01
   5.2000000e+01
   1.4666667e+01
   4.5333333e+01
   8.4666667e+01
   1.2666667e+01
   1.4000000e+01
   5.7333333e+01
   6.0000000e+01
   8.0000000e+00
   4.2666667e+01
   2.4000000e+01
   4.2666667e+01
   1.5333333e+01
   1.2000000e+01
   7.0000000e+01
   1.1866667e+02
   4.4000000e+01
   1.8666667e+01
   4.0666667e+01
   4.6666667e+00
   6.6666667e+01
   3.2000000e+01
   5.8666667e+01
   1.8000000e+01
   3.5333333e+01
   4.7333333e+01
   3.4000000e+01
   2.1333333e+01
   6.6666667e+00
   1.5333333e+01
   3.4666667e+01
   3.3333333e+01
   2.0000000e+01
   2.9333333e+01
   1.5933333e+02
   2.0000000e+01
   1.5333333e+01
   4.0000000e+00
   8.0000000e+00
   1.1666667e+02
   2.6000000e+01
   1.6000000e+01
   2.0666667e+01
   1.6666667e+01
   4.2000000e+01
   6.6666667e+01
   3.3333333e+00
   6.6666667e+00
   6.0000000e+00
   1.4000000e+01
   7.3333333e+00
   3.2000000e+01
   7.6666667e+01
   1.0000000e+01
   3.8666667e+01
   4.8000000e+01
   9.3333333e+00
   3.4666667e+01
   2.4666667e+01
   1.3933333e+02
   2.6000000e+01
   4.3333333e+01
   1.5333333e+01
   1.1666667e+02
   1.6666667e+01
   3.8400000e+02
   1.4000000e+01
   8.6666667e+00
   1.6000000e+01
   2.5333333e+01
   1.0000000e+02
   1.9333333e+01
   2.3333333e+01
   1.6000000e+01
   2.2000000e+01
   6.1333333e+01
   5.2666667e+01
   3.7333333e+01
   2.9333333e+01
   6.6666667e+00
   3.1333333e+01
   4.9866667e+02
   3.2466667e+02
   7.3333333e+00
   2.2000000e+01
   2.0000000e+01
   5.3333333e+01
   3.2666667e+01
   1.4000000e+01
   1.8666667e+01
   1.0066667e+02
   7.3333333e+00
   2.0000000e+01
   4.4000000e+01
   3.3333333e+00
   2.2666667e+01
   3.1333333e+01
   2.7333333e+01
   1.6666667e+01
   5.6000000e+01
   2.8666667e+01
   1.2666667e+01
   4.4000000e+01
   6.0666667e+01
   2.0000000e+01
   6.8666667e+01
   5.1333333e+01
   4.6666667e+00
   3.4666667e+01
   1.0000000e+01
   2.5333333e+01
   5.3333333e+00
   3.2000000e+01
   2.7333333e+01
   1.0533333e+02
   1.0000000e+01
   4.8666667e+01
   4.0000000e+00
   1.1333333e+01
   4.4000000e+01
   1.0666667e+01
   4.9333333e+01
   2.4000000e+01
   4.6000000e+01
   2.0000000e+01
   1.6666667e+01
   3.1333333e+01
   1.1333333e+01
   4.4000000e+01
   1.2666667e+01
   9.3333333e+00
   1.8000000e+01
   8.4000000e+01
   1.0666667e+01
   4.0000000e+01
   1.1333333e+01
   1.2000000e+01
   5.1333333e+01
   2.6666667e+01
   5.4000000e+01
   5.0666667e+01
   6.6000000e+01
   8.0666667e+01
   3.1333333e+01
   1.4133333e+02
   2.3333333e+01
   4.9333333e+01
   4.6666667e+00
   4.0000000e+00
   4.3333333e+01
   6.6000000e+01
   4.3333333e+01
   2.6666667e+01
   3.8666667e+01
   7.2000000e+01
   1.9333333e+01
   6.6666667e-01
   2.0000000e+00
   1.2666667e+01
   5.8666667e+01
   5.7333333e+01
   9.3333333e+00
   1.9333333e+01
   8.1333333e+01
   6.6666667e-01
   3.8000000e+01
   2.2000000e+01
   3.2666667e+01
   9.7333333e+01
   5.2666667e+01
   3.3333333e+00
   3.0000000e+01
   1.8000000e+01
   4.3333333e+01
   6.8733333e+02
   2.9333333e+01
   1.6000000e+01
   2.2666667e+01
   5.4666667e+01
   3.1333333e+01
   2.3333333e+01
   1.1000000e+02
   1.6000000e+01
   2.9333333e+01
   5.3333333e+01
   2.0666667e+01
   1.4000000e+01
   1.4666667e+01
   1.3333333e+00
   5.3333333e+00
   5.3333333e+00
   6.6666667e+00
   4.6666667e+00
   1.4666667e+01
   2.9333333e+01
   1.3333333e+01
   8.0000000e+00
   2.2000000e+01
   5.9333333e+01
   1.2666667e+01
   2.4666667e+01
   8.9333333e+01
   9.3333333e+00
   1.7333333e+01
   4.0000000e+01
   6.0000000e+00
   1.6666667e+01
   6.6666667e-01
   4.0666667e+01
   5.1333333e+01
   2.2666667e+01
   1.2666667e+01
   2.0733333e+02
   2.2000000e+01
   1.8000000e+01
   3.2000000e+01
   8.6000000e+01
   1.8000000e+01
   7.3333333e+00
   2.2000000e+01
   1.2666667e+01
   1.7333333e+01
   2.5333333e+01
   6.2000000e+01
   1.5400000e+02
   4.6666667e+01
   6.6666667e-01
   1.4000000e+01
   2.1333333e+01
   2.2000000e+01
   8.0000000e+00
   2.2666667e+01
   2.5333333e+01
   6.0000000e+00
   2.1333333e+01
   8.0000000e+00
   3.1333333e+01
   2.6666667e+01
   2.1333333e+01
   1.7333333e+01
   4.0400000e+02
   3.4000000e+01
   2.0000000e+00
   3.5333333e+01
   6.6666667e-01
   2.6666667e+00
   7.8666667e+01
   3.2000000e+01
   6.6666667e+00
   6.6666667e+00
   6.0000000e+00
   1.0666667e+01
   8.5333333e+01
   5.4666667e+01
   3.1333333e+01
   3.0666667e+01
   1.2666667e+01
   9.3333333e+00
   1.7933333e+02
   6.8000000e+01
   3.6000000e+01
   4.2666667e+01
   3.8000000e+01
   8.6666667e+00
   4.0000000e+00
   1.0000000e+01
   1.7333333e+01
   1.4666667e+01
   1.4666667e+01
   7.4000000e+01
   2.5000000e+02
   4.0000000e+00
   1.1333333e+01
   5.2000000e+01
   2.6666667e+01
   2.8000000e+01
   2.1333333e+01
   1.3333333e+01
   4.2000000e+01
   2.6666667e+00
   2.4666667e+01
   2.6666667e+00
   2.4000000e+01
   6.0333333e+02
   5.4666667e+01
   4.0000000e+00
   4.4000000e+01
   7.9333333e+01
   4.0666667e+01
   8.6666667e+01
   2.0666667e+01
   1.4000000e+01
   1.1333333e+01
   8.0000000e+00
   2.7333333e+01
   5.6000000e+01
   2.6666667e+00
   1.5333333e+01
   5.9333333e+01
   1.0000000e+01
   5.2000000e+01
   1.0666667e+01
   6.5333333e+01
   9.1333333e+01
   3.8600000e+02
   1.2666667e+01
   8.1333333e+01
   2.6666667e+00
   4.9333333e+01
   3.7333333e+01
   4.0000000e+01
   2.9933333e+02
   5.3333333e+00
   5.4000000e+01
   6.0000000e+01
   2.0666667e+01
   1.1666667e+02
   2.8000000e+02
   2.1333333e+01
   1.3333333e+00
   1.8000000e+01
   6.0000000e+00
   3.1333333e+01
   3.2000000e+01
   4.6666667e+00
   6.1333333e+01
   2.1333333e+01
   2.9333333e+01
   3.3333333e+01
   5.5333333e+01
   3.7333333e+01
   1.8666667e+01
   4.0000000e+00
   1.5333333e+01
   1.4000000e+01
   4.0000000e+00
   1.8000000e+01
   9.6666667e+01
   1.4666667e+01
   4.6000000e+01
   1.8666667e+01
   9.6000000e+01
   3.0000000e+01
   1.3333333e+01
   1.4666667e+01
   1.4000000e+01
   3.3333333e+00
   2.1333333e+01
   6.6666667e+00
   6.6666667e+00
   1.3333333e+00
   2.7333333e+01
   7.2000000e+01
   2.2666667e+01
   6.4600000e+02
   3.1333333e+01
   4.5333333e+01
   2.0000000e+01
   2.5333333e+01
   3.0000000e+01
   4.6666667e+00
   7.3333333e+00
   4.0000000e+01
   2.0000000e+01
   2.9333333e+01
   8.0000000e+00
   1.1333333e+01
   1.9333333e+01
   5.3333333e+00
   1.8000000e+01
   3.6000000e+01
   4.0000000e+01
   1.3333333e+00
   4.8666667e+01
   3.9333333e+01
   6.6666667e-01
   1.8066667e+02
   3.4000000e+01
   4.0000000e+00
   1.4000000e+01
   3.8666667e+01
   2.8000000e+01
   8.0000000e+00
   4.0000000e+00
   1.4000000e+01
   2.4666667e+01
   2.6666667e+00
   1.2000000e+01
   1.2666667e+01
   4.6666667e+01
   9.4666667e+01
   6.0000000e+00
   2.0666667e+01
   9.3333333e+00
   1.1333333e+01
   1.4000000e+01
   5.8000000e+01
   2.2666667e+01
   1.8000000e+01
   5.3333333e+00
   9.4000000e+01
   1.4000000e+01
   1.0533333e+02
   5.3333333e+00
   2.6666667e+00
   2.7333333e+01
   1.5200000e+02
   4.0000000e+00
   1.0000000e+01
   5.2666667e+01
   8.0000000e+00
   1.7333333e+01
   1.3333333e+01
   8.0000000e+00
   1.4666667e+01
   2.2666667e+01
   1.1333333e+01
   1.7333333e+01
   2.6000000e+01
   6.0000000e+01
   6.5333333e+01
   2.4666667e+01
   4.0000000e+00
   1.3333333e+01
   7.3333333e+00
   2.8000000e+01
   3.3333333e+00
   4.6666667e+00
   2.7333333e+01
   2.8000000e+01
   1.2800000e+02
   3.3333333e+01
   2.0000000e+01
   9.0666667e+01
   2.6666667e+00
   6.6666667e+00
   5.8666667e+01
   2.0000000e+00
   2.0000000e+00
   6.6666667e-01
   4.6666667e+00
   1.8666667e+01
   2.0000000e+00
   5.0000000e+01
   7.5333333e+01
   1.2000000e+01
   7.1333333e+01
   2.2000000e+01
   4.0000000e+00
   9.3333333e+01
   3.1400000e+02
   1.7333333e+01
   2.7333333e+01
   7.3333333e+00
   5.9333333e+01
   4.0000000e+00
   2.6666667e+01
   6.0000000e+00
   1.1666667e+02
   2.0000000e+01
   1.4600000e+02
   4.0000000e+00
   8.0000000e+00
   9.3333333e+00
   3.9333333e+01
   6.8000000e+01
   3.4666667e+01
   5.8000000e+01
   6.4000000e+01
   5.6666667e+01
   2.4000000e+01
   3.2666667e+01
   3.1333333e+01
   1.4666667e+01
   1.1333333e+01
   4.0000000e+00
   8.0000000e+00
   4.0000000e+00
   6.0000000e+00
   4.6666667e+01
   4.6666667e+00
   8.0000000e+00
   3.1333333e+01
   1.4000000e+01
   1.2666667e+01
   3.0666667e+01
   1.4666667e+01
   4.4000000e+01
   3.8000000e+01
   3.6000000e+01
   4.4000000e+01
   1.3266667e+02
   1.4000000e+01
   4.5333333e+01
   6.0000000e+00
   2.6000000e+01
   3.2666667e+01
   4.6666667e+00
   8.0000000e+00
   5.3333333e+00
   8.0000000e+00
   1.8000000e+02
   1.4000000e+01
   3.3333333e+00
   1.5200000e+02
   6.0000000e+00
   1.8666667e+01
   2.3200000e+02
   3.0666667e+01
   2.1333333e+01
   6.9333333e+01
   3.4000000e+01
   2.8666667e+01
   2.7333333e+01
   1.3333333e+00
   1.0466667e+02
   1.9333333e+01
   3.7333333e+01
   2.0000000e+01
   4.0000000e+00
   2.5333333e+01
   1.4000000e+01
   1.0866667e+02
   1.2466667e+02
   1.1000000e+02
   1.0933333e+02
   5.8000000e+01
   5.3333333e+01
   9.3333333e+00
   4.6666667e+00
   3.3333333e+00
   9.3333333e+00
   1.6666667e+01
   2.5333333e+01
   4.2000000e+01
   2.2666667e+01
   4.4666667e+01
   5.3333333e+00
   3.0666667e+01
   3.2000000e+01
   5.1333333e+01
   6.6666667e-01
   1.6000000e+01
   4.2000000e+01
   2.0666667e+01
   2.7800000e+02
   3.9666667e+02
   2.2000000e+01
   6.0000000e+01
   3.7333333e+01
   3.6666667e+01
   5.3333333e+00
   1.4666667e+01
   3.4000000e+01
   3.4000000e+01
   2.8666667e+01
   4.0000000e+00
   6.3333333e+01
   6.8000000e+01
   1.6666667e+01
   2.4666667e+01
   1.9333333e+01
   1.0666667e+01
   4.0000000e+00
   1.2666667e+01
   8.4666667e+01
   4.2000000e+01
   7.1333333e+01
   8.0000000e+00
   5.8666667e+01
   1.8666667e+01
   1.9333333e+01
   8.3333333e+01
   4.7333333e+01
   8.6666667e+00
   1.7333333e+01
   1.2066667e+02
   6.4666667e+01
   2.1333333e+01
   1.3333333e+01
   4.2000000e+01
   2.6666667e+01
   5.8666667e+01
   6.6666667e-01
   9.3333333e+00
   3.4666667e+01
   1.8000000e+01
   1.5400000e+02
   3.2666667e+01
   7.4000000e+01
   3.3333333e+01
   2.0666667e+02
   3.5866667e+02
   1.0666667e+01
   1.3333333e+01
   3.3200000e+02
   3.4666667e+01
   5.3333333e+01
   3.0666667e+01
   2.2000000e+01
   2.2000000e+01
   3.4666667e+01
   1.3333333e+01
   2.4666667e+01
   2.1333333e+01
   1.5333333e+01
   3.0000000e+01
   1.6000000e+01
   2.1333333e+01
   4.4666667e+01
   2.4666667e+01
   2.6000000e+01
   2.7333333e+01
   6.7333333e+01
   1.2666667e+01
   6.2000000e+01
   6.6666667e-01
   6.0000000e+00
   1.9600000e+02
   7.3333333e+00
   1.9800000e+02
   5.6000000e+01
   5.6000000e+01
   2.2000000e+01
   1.0666667e+01
   3.6000000e+01
   4.6666667e+00
   1.0000000e+01
   3.7333333e+01
   6.0000000e+00
   2.6666667e+00
   3.3333333e+01
   1.2666667e+02
   6.6666667e+00
   1.3333333e+01
   5.6000000e+01
   6.0000000e+00
   1.8200000e+02
   1.0533333e+02
   1.8000000e+01
   1.0066667e+02
   1.8666667e+01
   5.6000000e+01
   3.8933333e+02
   5.3333333e+00
   2.6000000e+01
   5.1333333e+01
   1.0000000e+01
   2.0000000e+01
   4.0666667e+01
   9.3333333e+00
   5.0666667e+01
   2.4000000e+01
   5.2000000e+01
   1.6000000e+01
   1.8000000e+01
   1.9333333e+01
   8.6666667e+00
   8.3333333e+01
   1.6666667e+01
   5.4000000e+01
   1.4666667e+01
   1.4000000e+01
   7.9333333e+01
   9.1333333e+01
   1.0666667e+01
   6.6666667e+00
   2.4000000e+01
   2.4666667e+01
   1.0000000e+01
   4.7333333e+01
   1.6666667e+01
   1.4066667e+02
   6.6666667e-01
   3.9333333e+01
   2.4666667e+01
   3.4000000e+01
   8.8666667e+01
   6.8000000e+01
   4.1333333e+01
   4.0000000e+00
   5.4666667e+01
   2.0000000e+00
   1.2666667e+01
   3.3200000e+02
   2.5333333e+01
   1.8666667e+01
   2.2000000e+01
   3.6666667e+01
   3.3333333e+01
   2.7333333e+02
   5.3333333e+00
   2.9333333e+01
   2.8000000e+01
   5.3333333e+01
   4.6666667e+00
   6.9333333e+01
   2.2000000e+01
   4.4666667e+01
   2.4666667e+01
   4.6666667e+00
   4.3333333e+01
   3.1333333e+01
   2.0666667e+02
   1.0666667e+01
   2.6666667e+00
   3.7333333e+01
   7.3333333e+00
   1.7333333e+01
   3.6666667e+01
   5.3333333e+00
   2.5333333e+01
   9.9333333e+01
   4.6000000e+01
   4.6000000e+01
   6.6666667e-01
   3.0666667e+01
   1.4666667e+01
   3.6666667e+01
   1.4133333e+02
   6.0666667e+01
   4.2666667e+01
   1.7333333e+01
   6.6666667e+00
   7.7333333e+01
   4.6666667e+01
   4.2666667e+01
   1.2666667e+01
   3.7333333e+01
   5.6666667e+01
   3.9200000e+02
   3.3333333e+01
   4.0000000e+01
   5.0666667e+01
   6.6666667e+00
   1.0000000e+01
   1.3066667e+02
   3.2000000e+01
   6.2666667e+01
   1.3600000e+02
   1.2000000e+01
   1.3333333e+00
   3.3333333e+02
   1.9333333e+01
   4.0000000e+00
   7.6000000e+01
   2.5333333e+01
   1.0000000e+01
   6.6666667e-01
   2.0666667e+01
   1.4000000e+01
   3.8666667e+01
   9.2000000e+01
   3.3333333e+00
   1.6000000e+01
   4.8666667e+01
   6.4000000e+01
   1.8000000e+01
   3.0666667e+01
   2.2000000e+01
   5.4666667e+01
   1.5333333e+01
   9.6666667e+01
   1.2000000e+01
   8.6666667e+00
   1.9333333e+01
   1.1333333e+01
   6.6666667e-01
   5.8000000e+01
   8.0000000e+00
   1.0400000e+02
   1.0666667e+01
   5.5333333e+01
   4.2000000e+01
   2.8666667e+01
   4.3333333e+01
   4.0000000e+01
   3.4000000e+01
   4.0000000e+00
   3.7333333e+01
   5.4000000e+01
   5.8000000e+01
   1.3333333e+01
   1.6000000e+02
   1.4666667e+01
   4.2000000e+01
   2.4000000e+01
   4.7333333e+01
   7.3333333e+00
   1.4000000e+01
   1.6666667e+01
   1.1333333e+01
   2.4666667e+01
   1.3333333e+01
   7.2000000e+01
   8.1333333e+01
   4.0000000e+01
   4.3333333e+01
   6.6666667e-01
   2.0000000e+01
   3.0666667e+01
   3.0000000e+01
   1.5666667e+02
   1.4666667e+01
   2.6666667e+00
   1.3333333e+01
   4.0000000e+00
   7.0266667e+02
   2.6666667e+00
   8.4666667e+01
   2.8000000e+01
   5.6000000e+01
   6.4666667e+01
   1.6666667e+01
   1.0666667e+01
   2.0666667e+01
   1.2000000e+01
   7.3333333e+00
   3.8666667e+01
   2.0000000e+00
   3.2000000e+01
   1.9333333e+01
   7.7333333e+01
   1.3333333e+01
   1.2000000e+01
   1.7333333e+01
   6.1333333e+01
   1.1266667e+02
   4.0000000e+01
   2.0000000e+00
   7.3333333e+00
   2.1333333e+01
   4.0000000e+01
   1.0666667e+01
   3.3333333e+00
   5.4000000e+01
   2.9333333e+01
   6.6666667e-01
   3.3333333e+01
   1.6666667e+01
   1.6666667e+01
   3.9333333e+01
   2.2666667e+01
   2.9333333e+01
   2.9333333e+01
   7.3333333e+00
   6.1333333e+01
   2.1333333e+01
   1.0666667e+01
   1.2733333e+02
   1.7333333e+01
   6.6666667e+00
   4.2000000e+01
   6.6666667e+00
   2.8200000e+02
   2.6666667e+01
   3.4000000e+01
   6.6666667e+00
   6.0000000e+00
   7.0666667e+01
   3.3333333e+01
   7.8000000e+01
   8.6666667e+00
   4.0000000e+01
   4.2666667e+01
   3.1333333e+01
   1.2000000e+01
   7.0000000e+01
   1.0666667e+01
   2.6666667e+01
   3.6000000e+01
   5.4666667e+01
   4.6666667e+00
   6.0000000e+00
   8.0000000e+00
   4.9333333e+01
   4.0666667e+01
   6.6666667e-01
   4.6000000e+01
   1.6666667e+01
   4.0000000e+00
   1.1333333e+01
   2.6666667e+00
   2.7866667e+02
   1.1333333e+01
   7.8666667e+01
   3.7333333e+01
   3.1333333e+01
   9.3333333e+00
   4.5333333e+01
   1.5333333e+01
   1.5333333e+01
   1.5333333e+01
   1.8666667e+01
   4.6666667e+00
   5.8666667e+01
   3.8666667e+01
   4.0000000e+01
   2.8000000e+01
   6.5333333e+01
   1.1800000e+02
   3.7333333e+01
   4.0000000e+00
   2.5333333e+01
   3.5333333e+01
   7.6000000e+01
   1.4000000e+01
   3.1333333e+01
   3.6666667e+02
   1.7333333e+01
   1.6000000e+01
   5.3333333e+00
   1.6666667e+01
   3.3333333e+00
   2.0000000e+00
   2.0666667e+01
   1.3333333e+01
   8.4000000e+01
   8.0000000e+00
   1.8666667e+01
   2.2000000e+01
   2.6666667e+00
   2.6000000e+01
   1.3333333e+01
   5.1333333e+01
   6.6666667e-01
   3.2000000e+01
   1.9333333e+01
   2.4000000e+01
   1.4666667e+01
   1.2666667e+01
   3.7333333e+01
   4.9333333e+01
   1.4333333e+02
   4.2666667e+01
   1.1266667e+02
   2.7333333e+01
   3.8000000e+01
   2.6666667e+00
   1.4666667e+01
   3.6666667e+01
   3.0666667e+01
   4.0000000e+00
   9.0000000e+01
   1.0666667e+01
   8.6666667e+01
   1.1333333e+01
   1.2000000e+01
   4.0000000e+00
   3.2000000e+01
   1.4666667e+01
   6.6666667e-01
   6.0666667e+01
   2.6000000e+01
   3.8000000e+01
   4.2666667e+01
   6.2000000e+01
   6.4666667e+01
   6.6666667e-01
   6.6666667e-01
   6.6666667e-01
   6.6666667e-01
   6.6666667e-01
   6.6666667e-01
   1.3333333e+00
   1.2666667e+01
   3.0666667e+01
   1.1333333e+01
   7.3333333e+00
   1.3333333e+00
   3.3333333e+00
   2.1333333e+01
   1.0666667e+01
   2.8666667e+01
   1.2000000e+01
   3.2666667e+01
   3.7333333e+01
   7.9333333e+01
   8.6666667e+01
   9.8666667e+01
   1.4000000e+01
   9.3333333e+00
   1.0000000e+01
   1.5133333e+02
   2.2666667e+01
   4.4666667e+01
   1.3333333e+01
   2.5333333e+01
   7.4000000e+01
   2.6666667e+00
   1.9400000e+02
   1.4000000e+01
   2.0000000e+00
   1.1333333e+01
   1.2000000e+02
   2.5333333e+01
   2.6333333e+02
   6.0000000e+00
   1.8000000e+01
   1.3866667e+02
   1.6933333e+02
   7.5333333e+01
   4.0000000e+00
   8.0000000e+00
   8.4666667e+01
   7.3333333e+00
   5.7333333e+01
   2.8000000e+01
   1.9466667e+02
   1.8666667e+01
   5.8666667e+01
   1.4666667e+01
   1.0666667e+01
   6.0000000e+00
   1.7333333e+01
   3.3333333e+01
   4.6666667e+00
   4.2866667e+02
   6.6666667e+00
   3.0000000e+01
   6.0666667e+01
   5.6666667e+01
   1.9133333e+02
   1.6666667e+01
   1.3333333e+01
   1.3333333e+00
   4.0000000e+01
   2.6000000e+01
   4.5333333e+01
   6.4000000e+01
   1.3333333e+00
   5.3333333e+00
   3.3333333e+01
   3.3333333e+01
   1.8666667e+01
   1.4666667e+01
   1.2000000e+01
   2.0000000e+01
   3.8666667e+01
   7.3333333e+00
   4.0000000e+00
   5.2666667e+01
   6.0000000e+01
   1.6000000e+01
   1.0666667e+01
   1.6666667e+01
   9.3333333e+00
   2.2000000e+01
   1.3400000e+02
   6.3200000e+02
   3.0000000e+01
   6.0000000e+00
   3.2666667e+01
   2.0000000e+01
   1.1333333e+01
   2.4000000e+01
   6.2000000e+01
   1.8666667e+01
   3.0666667e+01
   3.9333333e+01
   2.6666667e+01
   1.9333333e+01
   1.6666667e+01
   6.1200000e+02
   3.4666667e+01
   4.0666667e+01
   3.0666667e+01
   5.3333333e+00
   2.2000000e+01
   4.7333333e+01
   1.5333333e+01
   1.2666667e+01
   7.3333333e+00
   2.4000000e+01
   2.2000000e+01
   2.6666667e+00
   2.2000000e+01
   1.5266667e+02
   2.6000000e+01
   8.0000000e+00
   3.3333333e+01
   5.8666667e+01
   6.6666667e+01
   2.6000000e+01
   2.6666667e+01
   7.0000000e+01
   2.4666667e+01
   1.2000000e+01
   7.3333333e+01
   1.0666667e+01
   3.8666667e+01
   3.6000000e+01
   2.0666667e+01
   2.1333333e+01
   1.0666667e+01
   1.0133333e+02
   2.7333333e+01
   3.2000000e+01
   1.0333333e+02
   1.0600000e+02
   1.3400000e+02
   4.0000000e+00
   2.2666667e+01
   6.6666667e+00
   3.0000000e+01
   4.5333333e+01
   6.0000000e+00
   4.8666667e+01
   4.0000000e+00
   3.7333333e+01
   2.2000000e+01
   1.5600000e+02
   7.3333333e+01
   2.6666667e+00
   6.8666667e+01
   2.6666667e+01
   5.0000000e+01
   1.8000000e+01
   9.2000000e+01
   3.5333333e+01
   2.3333333e+01
   1.3333333e+01
   1.9333333e+01
   1.0000000e+01
   2.1333333e+01
   1.1266667e+02
   2.6000000e+01
   2.5333333e+01
   1.0666667e+01
   1.5266667e+02
   2.3333333e+01
   3.4000000e+01
   1.0666667e+01
   3.5333333e+01
   1.5333333e+01
   4.2666667e+01
   6.0000000e+00
   1.6000000e+01
   7.3333333e+00
   1.0000000e+01
   7.7333333e+01
   2.4000000e+01
   2.4000000e+01
   3.3333333e+00
   6.5333333e+01
   1.9333333e+01
   2.4666667e+01
   6.6666667e+00
   6.6666667e+01
   4.7333333e+01
   5.3333333e+00
   2.1333333e+01
   1.2000000e+01
   2.8533333e+02
   1.1533333e+02
   4.6666667e+00
   2.8000000e+01
   1.7533333e+02
   4.0000000e+00
   4.0000000e+00
   9.2000000e+01
   3.8666667e+01
   1.0000000e+01
   6.6666667e-01
   1.4000000e+01
   7.1333333e+01
   1.2466667e+02
   1.6000000e+01
   7.6000000e+01
   3.3333333e+01
   1.2466667e+02
   2.3333333e+01
   3.5333333e+01
   1.7333333e+01
   2.9333333e+01
   3.4666667e+01
   6.2666667e+01
   1.0066667e+02
   9.8666667e+01
   3.6000000e+01
   1.9333333e+01
   4.0000000e+00
   1.5333333e+01
